###########
Solution: 1
Time: 7.922999858856201
Objectives: [525.0 807788.0; 512.0 817760.0; 531.0 790868.0; 527.0 802888.0; 519.0 812863.0; 518.0 813265.0; 520.0 808898.0; 513.0 813795.0; 530.0 791270.0; 526.0 807386.0]
Centers: [76, 100, 108, 749, 802, 882, 916, 1356, 1590, 1962]
Points: [1, 6, 11, 13, 38, 39, 45, 46, 47, 48, 50, 59, 69, 70, 71, 72, 73, 74, 75, 76, 77, 78, 79, 80, 81, 82, 86, 89, 91, 93, 95, 98, 99, 100, 104, 108, 110, 111, 123, 126, 135, 149, 168, 179, 186, 187, 198, 206, 208, 209, 211, 214, 215, 216, 217, 218, 219, 220, 222, 224, 226, 242, 245, 255, 256, 295, 301, 308, 310, 311, 312, 313, 314, 315, 316, 317, 318, 319, 320, 321, 322, 323, 324, 325, 326, 335, 336, 343, 350, 351, 353, 354, 355, 356, 357, 361, 363, 364, 368, 371, 372, 373, 375, 376, 377, 379, 380, 381, 382, 384, 387, 388, 389, 391, 392, 393, 477, 478, 502, 522, 544, 551, 558, 561, 566, 595, 609, 625, 627, 628, 630, 631, 653, 698, 699, 706, 707, 708, 709, 710, 711, 712, 713, 714, 715, 716, 717, 718, 719, 720, 721, 722, 723, 724, 731, 733, 734, 735, 738, 739, 740, 742, 743, 746, 747, 748, 749, 761, 762, 763, 764, 768, 772, 773, 774, 775, 776, 777, 788, 789, 791, 792, 793, 794, 802, 829, 830, 831, 832, 839, 841, 852, 853, 854, 855, 856, 857, 858, 859, 867, 869, 870, 871, 872, 873, 879, 880, 881, 882, 883, 887, 888, 889, 890, 891, 892, 893, 894, 895, 896, 897, 898, 903, 916, 917, 919, 920, 934, 937, 942, 943, 944, 960, 965, 966, 967, 968, 969, 973, 976, 983, 984, 985, 995, 1017, 1018, 1020, 1030, 1031, 1037, 1038, 1051, 1062, 1063, 1064, 1065, 1077, 1089, 1091, 1095, 1096, 1100, 1101, 1109, 1110, 1123, 1126, 1127, 1130, 1136, 1147, 1148, 1156, 1163, 1164, 1166, 1167, 1168, 1172, 1175, 1180, 1181, 1191, 1192, 1193, 1203, 1204, 1215, 1222, 1223, 1224, 1225, 1234, 1235, 1236, 1238, 1241, 1242, 1243, 1244, 1245, 1246, 1248, 1249, 1251, 1252, 1253, 1282, 1294, 1295, 1296, 1297, 1298, 1307, 1308, 1309, 1310, 1311, 1319, 1320, 1321, 1322, 1340, 1350, 1355, 1356, 1357, 1358, 1366, 1374, 1375, 1376, 1381, 1382, 1383, 1384, 1391, 1392, 1393, 1394, 1422, 1432, 1437, 1445, 1448, 1451, 1454, 1463, 1464, 1470, 1471, 1472, 1478, 1483, 1484, 1486, 1487, 1494, 1526, 1530, 1536, 1541, 1555, 1567, 1570, 1588, 1589, 1590, 1591, 1592, 1593, 1594, 1595, 1597, 1600, 1605, 1606, 1607, 1608, 1630, 1631, 1632, 1636, 1639, 1640, 1641, 1643, 1644, 1659, 1660, 1661, 1662, 1663, 1664, 1666, 1667, 1668, 1680, 1681, 1682, 1683, 1684, 1685, 1686, 1700, 1713, 1714, 1715, 1716, 1717, 1718, 1719, 1720, 1726, 1727, 1729, 1730, 1731, 1733, 1743, 1744, 1796, 1800, 1818, 1819, 1844, 1846, 1848, 1849, 1850, 1851, 1852, 1853, 1854, 1855, 1856, 1857, 1859, 1861, 1865, 1866, 1878, 1880, 1881, 1883, 1884, 1886, 1887, 1888, 1889, 1890, 1891, 1892, 1893, 1894, 1895, 1896, 1897, 1898, 1899, 1900, 1901, 1902, 1903, 1904, 1905, 1906, 1907, 1908, 1909, 1910, 1911, 1913, 1914, 1915, 1916, 1917, 1918, 1919, 1920, 1921, 1927, 1928, 1929, 1930, 1931, 1932, 1933, 1935, 1936, 1937, 1943, 1944, 1948, 1949, 1950, 1951, 1952, 1959, 1962, 1963, 1965, 1977, 1991, 1992, 1993, 1994, 1997, 1999, 2005, 2006, 2008, 2013, 2014, 2015, 2019, 2020, 2022, 2023, 2041, 2049, 2050, 2051, 2053, 2055]
###########
Solution: 2
Time: 7.922999858856201
Objectives: [525.0 807788.0; 512.0 817760.0; 531.0 790868.0; 527.0 802888.0; 519.0 812863.0; 518.0 813265.0; 520.0 808898.0; 513.0 813795.0; 530.0 791270.0; 526.0 807386.0]
Centers: [76, 108, 775, 802, 882, 1022, 1356, 1590, 1899, 1962]
Points: [1, 6, 11, 13, 14, 22, 39, 46, 50, 59, 69, 70, 71, 72, 73, 74, 75, 76, 77, 78, 79, 80, 81, 82, 86, 89, 91, 93, 95, 98, 99, 100, 104, 108, 109, 110, 111, 149, 168, 179, 186, 187, 206, 208, 209, 211, 214, 215, 216, 217, 218, 224, 225, 236, 255, 295, 308, 310, 311, 312, 313, 314, 315, 316, 317, 318, 319, 320, 321, 322, 323, 324, 325, 326, 335, 336, 343, 350, 351, 355, 356, 357, 360, 361, 363, 364, 368, 371, 372, 373, 375, 376, 377, 379, 380, 381, 382, 384, 387, 388, 389, 391, 392, 393, 432, 442, 443, 448, 477, 478, 502, 522, 544, 551, 595, 653, 698, 699, 700, 706, 707, 708, 709, 710, 711, 712, 713, 714, 715, 716, 717, 718, 719, 720, 721, 722, 723, 724, 731, 733, 734, 735, 738, 739, 740, 742, 743, 746, 747, 748, 749, 761, 762, 763, 764, 765, 768, 772, 773, 774, 775, 776, 777, 788, 789, 792, 802, 829, 830, 831, 832, 841, 857, 858, 859, 867, 869, 870, 871, 872, 873, 879, 880, 881, 882, 883, 887, 888, 889, 890, 891, 892, 893, 894, 895, 896, 897, 898, 917, 919, 920, 934, 937, 942, 944, 960, 965, 966, 967, 968, 969, 976, 977, 983, 984, 985, 995, 1011, 1017, 1018, 1020, 1021, 1022, 1023, 1030, 1031, 1037, 1038, 1051, 1062, 1063, 1064, 1065, 1075, 1077, 1089, 1091, 1095, 1096, 1100, 1101, 1110, 1123, 1126, 1127, 1130, 1147, 1148, 1149, 1150, 1154, 1156, 1163, 1164, 1166, 1167, 1168, 1172, 1180, 1181, 1190, 1191, 1192, 1193, 1203, 1204, 1212, 1215, 1222, 1223, 1224, 1225, 1229, 1232, 1233, 1234, 1235, 1236, 1238, 1241, 1242, 1243, 1244, 1245, 1246, 1248, 1249, 1251, 1252, 1253, 1258, 1268, 1269, 1272, 1273, 1275, 1276, 1277, 1281, 1282, 1293, 1294, 1295, 1296, 1297, 1298, 1300, 1310, 1311, 1321, 1340, 1350, 1355, 1356, 1357, 1358, 1366, 1374, 1375, 1391, 1392, 1393, 1394, 1422, 1432, 1437, 1445, 1446, 1448, 1451, 1454, 1463, 1464, 1470, 1471, 1472, 1478, 1483, 1484, 1486, 1487, 1494, 1522, 1523, 1524, 1526, 1527, 1528, 1530, 1533, 1536, 1538, 1541, 1543, 1544, 1545, 1567, 1569, 1570, 1588, 1589, 1590, 1591, 1592, 1593, 1594, 1597, 1600, 1605, 1606, 1607, 1608, 1630, 1631, 1632, 1636, 1639, 1640, 1641, 1643, 1644, 1658, 1659, 1660, 1661, 1662, 1663, 1664, 1665, 1666, 1667, 1668, 1680, 1681, 1682, 1683, 1684, 1685, 1686, 1700, 1713, 1714, 1715, 1717, 1718, 1719, 1720, 1721, 1722, 1723, 1724, 1725, 1726, 1727, 1729, 1730, 1731, 1733, 1734, 1735, 1743, 1744, 1796, 1800, 1818, 1819, 1843, 1844, 1846, 1848, 1849, 1850, 1851, 1853, 1854, 1855, 1856, 1857, 1858, 1859, 1861, 1865, 1866, 1878, 1882, 1883, 1884, 1885, 1886, 1887, 1897, 1898, 1899, 1902, 1903, 1904, 1906, 1907, 1908, 1909, 1910, 1911, 1913, 1914, 1915, 1916, 1917, 1918, 1919, 1920, 1921, 1927, 1928, 1929, 1930, 1931, 1932, 1933, 1935, 1936, 1937, 1943, 1944, 1948, 1949, 1950, 1951, 1952, 1959, 1962, 1963, 1965, 1977, 1978, 1981, 1982, 1983, 1991, 1992, 1997, 1999, 2005, 2006, 2008, 2013, 2015, 2019, 2020, 2023, 2041, 2053, 2055]
###########
Solution: 3
Time: 7.922999858856201
Objectives: [525.0 807788.0; 512.0 817760.0; 531.0 790868.0; 527.0 802888.0; 519.0 812863.0; 518.0 813265.0; 520.0 808898.0; 513.0 813795.0; 530.0 791270.0; 526.0 807386.0]
Centers: [76, 100, 108, 611, 746, 802, 882, 916, 1252, 1356]
Points: [1, 6, 11, 13, 23, 38, 39, 45, 46, 47, 48, 50, 59, 69, 70, 71, 72, 73, 74, 75, 76, 77, 78, 79, 80, 81, 82, 86, 89, 91, 93, 95, 98, 99, 100, 104, 108, 110, 111, 123, 124, 126, 135, 149, 152, 168, 179, 186, 187, 198, 206, 208, 209, 211, 214, 215, 216, 217, 218, 219, 220, 222, 224, 226, 242, 245, 255, 256, 295, 301, 308, 310, 311, 312, 313, 314, 315, 316, 317, 318, 319, 320, 321, 322, 323, 324, 325, 326, 336, 343, 350, 351, 353, 354, 355, 356, 357, 363, 364, 368, 371, 372, 373, 375, 376, 377, 379, 380, 381, 382, 384, 387, 388, 389, 391, 392, 393, 476, 477, 478, 502, 522, 544, 551, 558, 561, 566, 595, 609, 610, 611, 625, 627, 628, 630, 631, 647, 653, 660, 671, 698, 699, 706, 707, 708, 714, 715, 717, 718, 719, 724, 725, 746, 747, 748, 749, 761, 762, 763, 764, 768, 772, 773, 774, 775, 776, 777, 788, 791, 792, 793, 794, 802, 803, 804, 828, 829, 830, 831, 832, 839, 841, 852, 853, 854, 855, 856, 857, 858, 859, 867, 869, 870, 871, 872, 873, 879, 880, 881, 882, 883, 887, 888, 889, 890, 891, 892, 893, 894, 895, 896, 897, 898, 903, 913, 914, 916, 917, 919, 920, 934, 937, 942, 943, 944, 960, 965, 967, 968, 969, 973, 976, 983, 984, 985, 995, 1017, 1018, 1020, 1030, 1031, 1037, 1038, 1051, 1057, 1062, 1063, 1064, 1065, 1070, 1077, 1084, 1085, 1086, 1089, 1091, 1095, 1096, 1100, 1101, 1103, 1104, 1107, 1108, 1109, 1110, 1123, 1126, 1127, 1130, 1136, 1138, 1147, 1148, 1156, 1157, 1158, 1159, 1160, 1161, 1163, 1166, 1167, 1168, 1172, 1175, 1178, 1179, 1180, 1181, 1191, 1192, 1193, 1196, 1198, 1203, 1204, 1215, 1222, 1223, 1224, 1225, 1226, 1234, 1235, 1236, 1238, 1241, 1242, 1243, 1245, 1246, 1247, 1248, 1249, 1251, 1252, 1253, 1256, 1282, 1298, 1303, 1304, 1305, 1306, 1307, 1308, 1309, 1310, 1311, 1319, 1320, 1321, 1322, 1340, 1350, 1355, 1356, 1357, 1358, 1366, 1374, 1375, 1376, 1381, 1382, 1383, 1384, 1391, 1392, 1393, 1394, 1422, 1432, 1434, 1437, 1445, 1451, 1463, 1464, 1470, 1471, 1472, 1478, 1483, 1484, 1486, 1487, 1494, 1526, 1530, 1536, 1541, 1555, 1570, 1588, 1589, 1590, 1591, 1595, 1597, 1605, 1606, 1607, 1608, 1621, 1622, 1630, 1632, 1634, 1635, 1636, 1639, 1640, 1643, 1644, 1648, 1655, 1659, 1663, 1664, 1666, 1667, 1668, 1680, 1681, 1682, 1683, 1684, 1685, 1686, 1700, 1713, 1714, 1715, 1716, 1717, 1718, 1719, 1720, 1733, 1743, 1744, 1796, 1800, 1818, 1819, 1844, 1846, 1848, 1849, 1850, 1851, 1852, 1853, 1854, 1855, 1856, 1857, 1858, 1859, 1861, 1865, 1866, 1878, 1880, 1881, 1882, 1883, 1884, 1885, 1886, 1887, 1888, 1889, 1890, 1891, 1892, 1893, 1894, 1895, 1896, 1897, 1898, 1899, 1900, 1901, 1902, 1903, 1904, 1905, 1906, 1907, 1908, 1909, 1910, 1911, 1913, 1914, 1915, 1916, 1917, 1918, 1919, 1920, 1921, 1927, 1928, 1929, 1930, 1931, 1932, 1933, 1935, 1936, 1937, 1943, 1944, 1948, 1949, 1950, 1951, 1952, 1959, 1963, 1965, 1991, 1992, 1993, 1994, 1997, 1999, 2005, 2006, 2008, 2013, 2014, 2015, 2019, 2020, 2022, 2023, 2038, 2041, 2046, 2047, 2049, 2050, 2051, 2053, 2055]
###########
Solution: 4
Time: 7.922999858856201
Objectives: [525.0 807788.0; 512.0 817760.0; 531.0 790868.0; 527.0 802888.0; 519.0 812863.0; 518.0 813265.0; 520.0 808898.0; 513.0 813795.0; 530.0 791270.0; 526.0 807386.0]
Centers: [76, 100, 108, 746, 802, 882, 916, 1149, 1252, 1356]
Points: [1, 6, 11, 13, 22, 38, 39, 45, 46, 47, 48, 50, 59, 69, 70, 71, 72, 73, 74, 75, 76, 77, 78, 79, 80, 81, 82, 86, 89, 91, 93, 95, 98, 99, 100, 104, 108, 110, 111, 123, 126, 135, 149, 161, 168, 179, 186, 187, 198, 206, 208, 209, 211, 214, 215, 216, 217, 218, 219, 220, 222, 224, 226, 242, 245, 255, 256, 295, 301, 308, 310, 311, 312, 313, 314, 315, 316, 317, 318, 319, 320, 321, 322, 323, 324, 325, 326, 336, 343, 350, 351, 353, 354, 355, 356, 357, 363, 364, 368, 371, 372, 373, 375, 376, 377, 379, 380, 381, 382, 384, 387, 388, 389, 391, 392, 393, 396, 442, 443, 448, 477, 478, 502, 522, 544, 551, 558, 561, 566, 595, 609, 625, 627, 628, 630, 631, 653, 698, 699, 706, 707, 708, 714, 715, 717, 718, 719, 724, 725, 746, 747, 748, 749, 761, 762, 763, 764, 768, 772, 773, 774, 775, 776, 777, 788, 791, 792, 793, 794, 802, 829, 830, 831, 832, 839, 841, 852, 853, 854, 855, 856, 857, 858, 859, 867, 869, 870, 871, 872, 873, 879, 880, 881, 882, 883, 887, 888, 889, 890, 891, 892, 893, 894, 895, 896, 897, 898, 903, 916, 917, 919, 920, 934, 937, 942, 943, 944, 960, 965, 967, 968, 969, 973, 976, 982, 983, 984, 985, 995, 1011, 1017, 1018, 1020, 1021, 1022, 1023, 1030, 1031, 1037, 1038, 1051, 1057, 1062, 1063, 1064, 1065, 1077, 1089, 1091, 1095, 1096, 1100, 1101, 1109, 1110, 1123, 1126, 1127, 1130, 1136, 1147, 1148, 1149, 1150, 1156, 1163, 1166, 1167, 1168, 1172, 1175, 1180, 1181, 1191, 1192, 1193, 1203, 1204, 1215, 1222, 1223, 1224, 1225, 1226, 1229, 1232, 1233, 1234, 1235, 1236, 1238, 1241, 1242, 1243, 1245, 1246, 1247, 1248, 1249, 1251, 1252, 1253, 1256, 1258, 1266, 1267, 1268, 1269, 1270, 1271, 1272, 1273, 1274, 1275, 1276, 1277, 1281, 1282, 1298, 1307, 1308, 1309, 1310, 1311, 1319, 1320, 1321, 1322, 1340, 1350, 1355, 1356, 1357, 1358, 1366, 1367, 1368, 1374, 1375, 1376, 1381, 1382, 1383, 1384, 1391, 1392, 1393, 1394, 1422, 1432, 1434, 1437, 1445, 1446, 1451, 1463, 1464, 1470, 1471, 1472, 1478, 1483, 1484, 1486, 1487, 1494, 1526, 1527, 1530, 1536, 1541, 1543, 1544, 1551, 1555, 1570, 1588, 1589, 1590, 1591, 1595, 1597, 1605, 1606, 1607, 1608, 1630, 1632, 1636, 1639, 1640, 1643, 1644, 1659, 1663, 1664, 1666, 1667, 1668, 1680, 1681, 1682, 1683, 1684, 1685, 1686, 1700, 1706, 1713, 1714, 1715, 1716, 1717, 1718, 1719, 1720, 1733, 1734, 1735, 1743, 1744, 1796, 1800, 1818, 1819, 1843, 1844, 1846, 1848, 1849, 1850, 1851, 1852, 1853, 1854, 1855, 1856, 1857, 1858, 1859, 1861, 1865, 1866, 1878, 1880, 1881, 1882, 1883, 1884, 1885, 1886, 1887, 1888, 1889, 1890, 1891, 1892, 1893, 1894, 1895, 1896, 1897, 1898, 1899, 1900, 1901, 1902, 1903, 1904, 1905, 1906, 1907, 1908, 1909, 1910, 1911, 1913, 1914, 1915, 1916, 1917, 1918, 1919, 1920, 1921, 1927, 1928, 1929, 1930, 1931, 1932, 1933, 1935, 1936, 1937, 1943, 1944, 1948, 1949, 1950, 1951, 1952, 1959, 1963, 1965, 1991, 1992, 1993, 1994, 1997, 1999, 2005, 2006, 2008, 2013, 2014, 2015, 2019, 2020, 2022, 2023, 2041, 2049, 2050, 2051, 2053, 2055]
###########
Solution: 5
Time: 7.922999858856201
Objectives: [525.0 807788.0; 512.0 817760.0; 531.0 790868.0; 527.0 802888.0; 519.0 812863.0; 518.0 813265.0; 520.0 808898.0; 513.0 813795.0; 530.0 791270.0; 526.0 807386.0]
Centers: [76, 100, 108, 746, 802, 882, 1022, 1356, 1590, 1962]
Points: [1, 6, 11, 13, 14, 22, 39, 46, 47, 50, 59, 69, 70, 71, 72, 73, 74, 75, 76, 77, 78, 79, 80, 81, 82, 86, 89, 91, 93, 95, 98, 99, 100, 104, 108, 110, 111, 149, 168, 179, 186, 187, 198, 206, 208, 209, 211, 214, 215, 216, 217, 218, 219, 220, 222, 224, 226, 242, 245, 255, 256, 295, 301, 308, 310, 311, 312, 313, 314, 315, 316, 317, 318, 319, 320, 321, 322, 323, 324, 325, 326, 335, 336, 343, 350, 351, 355, 356, 357, 363, 364, 368, 371, 372, 373, 375, 376, 377, 379, 380, 381, 382, 384, 387, 388, 389, 391, 392, 393, 432, 442, 443, 448, 477, 478, 502, 522, 544, 551, 595, 653, 698, 699, 706, 707, 708, 709, 710, 711, 712, 713, 714, 715, 716, 717, 718, 719, 720, 721, 722, 723, 724, 731, 733, 734, 735, 738, 739, 740, 742, 743, 746, 747, 748, 749, 761, 762, 763, 764, 768, 772, 773, 774, 775, 776, 777, 788, 791, 792, 802, 829, 830, 831, 832, 841, 857, 858, 859, 867, 869, 870, 871, 872, 873, 879, 880, 881, 882, 883, 887, 888, 889, 890, 891, 892, 893, 894, 895, 896, 897, 898, 917, 919, 920, 934, 937, 942, 944, 960, 965, 966, 967, 968, 969, 976, 977, 983, 984, 985, 995, 1011, 1017, 1018, 1020, 1021, 1022, 1023, 1030, 1031, 1037, 1038, 1051, 1062, 1063, 1064, 1065, 1075, 1077, 1089, 1091, 1095, 1096, 1100, 1101, 1110, 1123, 1126, 1127, 1130, 1147, 1148, 1149, 1150, 1156, 1163, 1164, 1166, 1167, 1168, 1172, 1175, 1180, 1181, 1191, 1192, 1193, 1203, 1204, 1215, 1222, 1223, 1224, 1225, 1229, 1232, 1233, 1234, 1235, 1236, 1238, 1241, 1242, 1243, 1244, 1245, 1246, 1248, 1249, 1251, 1252, 1253, 1258, 1268, 1269, 1272, 1273, 1275, 1276, 1277, 1281, 1282, 1294, 1295, 1296, 1297, 1298, 1308, 1309, 1310, 1311, 1321, 1340, 1350, 1355, 1356, 1357, 1358, 1366, 1374, 1375, 1376, 1391, 1392, 1393, 1394, 1422, 1432, 1437, 1445, 1446, 1448, 1451, 1454, 1463, 1464, 1470, 1471, 1472, 1478, 1483, 1484, 1486, 1487, 1494, 1522, 1523, 1524, 1526, 1527, 1528, 1530, 1533, 1536, 1538, 1541, 1543, 1544, 1545, 1567, 1570, 1588, 1589, 1590, 1591, 1592, 1593, 1594, 1595, 1597, 1600, 1605, 1606, 1607, 1608, 1630, 1631, 1632, 1636, 1639, 1640, 1641, 1643, 1644, 1659, 1660, 1661, 1662, 1663, 1664, 1666, 1667, 1668, 1680, 1681, 1682, 1683, 1684, 1685, 1686, 1700, 1713, 1714, 1715, 1716, 1717, 1718, 1719, 1720, 1726, 1727, 1729, 1730, 1731, 1733, 1734, 1735, 1743, 1744, 1796, 1800, 1818, 1819, 1843, 1844, 1846, 1848, 1849, 1850, 1851, 1852, 1853, 1854, 1855, 1856, 1857, 1858, 1859, 1861, 1865, 1866, 1878, 1880, 1881, 1882, 1883, 1884, 1885, 1886, 1887, 1888, 1889, 1890, 1891, 1892, 1893, 1894, 1895, 1896, 1897, 1898, 1899, 1900, 1901, 1902, 1903, 1904, 1905, 1906, 1907, 1908, 1909, 1910, 1911, 1913, 1914, 1915, 1916, 1917, 1918, 1919, 1920, 1921, 1927, 1928, 1929, 1930, 1931, 1932, 1933, 1935, 1936, 1937, 1943, 1944, 1948, 1949, 1950, 1951, 1952, 1959, 1962, 1963, 1965, 1977, 1991, 1992, 1997, 1999, 2005, 2006, 2008, 2013, 2015, 2019, 2020, 2023, 2041, 2053, 2055]
###########
Solution: 6
Time: 7.922999858856201
Objectives: [525.0 807788.0; 512.0 817760.0; 531.0 790868.0; 527.0 802888.0; 519.0 812863.0; 518.0 813265.0; 520.0 808898.0; 513.0 813795.0; 530.0 791270.0; 526.0 807386.0]
Centers: [76, 100, 108, 749, 802, 882, 1022, 1356, 1590, 1962]
Points: [1, 6, 11, 13, 14, 22, 39, 46, 47, 50, 59, 69, 70, 71, 72, 73, 74, 75, 76, 77, 78, 79, 80, 81, 82, 86, 89, 91, 93, 95, 98, 99, 100, 104, 108, 110, 111, 149, 168, 179, 186, 187, 198, 206, 208, 209, 211, 214, 215, 216, 217, 218, 219, 220, 222, 224, 226, 242, 245, 255, 256, 295, 301, 308, 310, 311, 312, 313, 314, 315, 316, 317, 318, 319, 320, 321, 322, 323, 324, 325, 326, 335, 336, 343, 350, 351, 355, 356, 357, 361, 363, 364, 368, 371, 372, 373, 375, 376, 377, 379, 380, 381, 382, 384, 387, 388, 389, 391, 392, 393, 432, 442, 443, 448, 477, 478, 502, 522, 544, 551, 595, 653, 698, 699, 706, 707, 708, 709, 710, 711, 712, 713, 714, 715, 716, 717, 718, 719, 720, 721, 722, 723, 724, 731, 733, 734, 735, 738, 739, 740, 742, 743, 746, 747, 748, 749, 761, 762, 763, 764, 768, 772, 773, 774, 775, 776, 777, 788, 789, 791, 792, 802, 829, 830, 831, 832, 841, 857, 858, 859, 867, 869, 870, 871, 872, 873, 879, 880, 881, 882, 883, 887, 888, 889, 890, 891, 892, 893, 894, 895, 896, 897, 898, 917, 919, 920, 934, 937, 942, 944, 960, 965, 966, 967, 968, 969, 976, 977, 983, 984, 985, 995, 1011, 1017, 1018, 1020, 1021, 1022, 1023, 1030, 1031, 1037, 1038, 1051, 1062, 1063, 1064, 1065, 1075, 1077, 1089, 1091, 1095, 1096, 1100, 1101, 1110, 1123, 1126, 1127, 1130, 1147, 1148, 1149, 1150, 1156, 1163, 1164, 1166, 1167, 1168, 1172, 1175, 1180, 1181, 1191, 1192, 1193, 1203, 1204, 1215, 1222, 1223, 1224, 1225, 1229, 1232, 1233, 1234, 1235, 1236, 1238, 1241, 1242, 1243, 1244, 1245, 1246, 1248, 1249, 1251, 1252, 1253, 1258, 1268, 1269, 1272, 1273, 1275, 1276, 1277, 1281, 1282, 1294, 1295, 1296, 1297, 1298, 1308, 1309, 1310, 1311, 1321, 1340, 1350, 1355, 1356, 1357, 1358, 1366, 1374, 1375, 1376, 1391, 1392, 1393, 1394, 1422, 1432, 1437, 1445, 1446, 1448, 1451, 1454, 1463, 1464, 1470, 1471, 1472, 1478, 1483, 1484, 1486, 1487, 1494, 1522, 1523, 1524, 1526, 1527, 1528, 1530, 1533, 1536, 1538, 1541, 1543, 1544, 1545, 1567, 1570, 1588, 1589, 1590, 1591, 1592, 1593, 1594, 1595, 1597, 1600, 1605, 1606, 1607, 1608, 1630, 1631, 1632, 1636, 1639, 1640, 1641, 1643, 1644, 1659, 1660, 1661, 1662, 1663, 1664, 1666, 1667, 1668, 1680, 1681, 1682, 1683, 1684, 1685, 1686, 1700, 1713, 1714, 1715, 1716, 1717, 1718, 1719, 1720, 1726, 1727, 1729, 1730, 1731, 1733, 1734, 1735, 1743, 1744, 1796, 1800, 1818, 1819, 1843, 1844, 1846, 1848, 1849, 1850, 1851, 1852, 1853, 1854, 1855, 1856, 1857, 1859, 1861, 1865, 1866, 1878, 1880, 1881, 1883, 1884, 1886, 1887, 1888, 1889, 1890, 1891, 1892, 1893, 1894, 1895, 1896, 1897, 1898, 1899, 1900, 1901, 1902, 1903, 1904, 1905, 1906, 1907, 1908, 1909, 1910, 1911, 1913, 1914, 1915, 1916, 1917, 1918, 1919, 1920, 1921, 1927, 1928, 1929, 1930, 1931, 1932, 1933, 1935, 1936, 1937, 1943, 1944, 1948, 1949, 1950, 1951, 1952, 1959, 1962, 1963, 1965, 1977, 1991, 1992, 1997, 1999, 2005, 2006, 2008, 2013, 2015, 2019, 2020, 2023, 2041, 2053, 2055]
###########
Solution: 7
Time: 7.922999858856201
Objectives: [525.0 807788.0; 512.0 817760.0; 531.0 790868.0; 527.0 802888.0; 519.0 812863.0; 518.0 813265.0; 520.0 808898.0; 513.0 813795.0; 530.0 791270.0; 526.0 807386.0]
Centers: [76, 100, 108, 746, 802, 882, 1149, 1356, 1590, 1962]
Points: [1, 6, 11, 13, 22, 39, 46, 47, 50, 59, 69, 70, 71, 72, 73, 74, 75, 76, 77, 78, 79, 80, 81, 82, 86, 89, 91, 93, 95, 98, 99, 100, 104, 108, 110, 111, 149, 161, 168, 179, 186, 187, 198, 206, 208, 209, 211, 214, 215, 216, 217, 218, 219, 220, 222, 224, 226, 242, 245, 255, 256, 295, 301, 308, 310, 311, 312, 313, 314, 315, 316, 317, 318, 319, 320, 321, 322, 323, 324, 325, 326, 335, 336, 343, 350, 351, 355, 356, 357, 363, 364, 368, 371, 372, 373, 375, 376, 377, 379, 380, 381, 382, 384, 387, 388, 389, 391, 392, 393, 396, 442, 443, 448, 477, 478, 502, 522, 544, 551, 595, 653, 698, 699, 706, 707, 708, 709, 710, 711, 712, 713, 714, 715, 716, 717, 718, 719, 720, 721, 722, 723, 724, 731, 733, 734, 735, 738, 739, 740, 742, 743, 746, 747, 748, 749, 761, 762, 763, 764, 768, 772, 773, 774, 775, 776, 777, 788, 791, 792, 802, 829, 830, 831, 832, 841, 857, 858, 859, 867, 869, 870, 871, 872, 873, 879, 880, 881, 882, 883, 887, 888, 889, 890, 891, 892, 893, 894, 895, 896, 897, 898, 917, 919, 920, 934, 937, 942, 944, 960, 965, 966, 967, 968, 969, 976, 982, 983, 984, 985, 995, 1011, 1017, 1018, 1020, 1021, 1022, 1023, 1030, 1031, 1037, 1038, 1051, 1062, 1063, 1064, 1065, 1077, 1089, 1091, 1095, 1096, 1100, 1101, 1110, 1123, 1126, 1127, 1130, 1147, 1148, 1149, 1150, 1156, 1163, 1164, 1166, 1167, 1168, 1172, 1175, 1180, 1181, 1191, 1192, 1193, 1203, 1204, 1215, 1222, 1223, 1224, 1225, 1229, 1232, 1233, 1234, 1235, 1236, 1238, 1241, 1242, 1243, 1244, 1245, 1246, 1248, 1249, 1251, 1252, 1253, 1258, 1266, 1267, 1268, 1269, 1270, 1271, 1272, 1273, 1274, 1275, 1276, 1277, 1281, 1282, 1294, 1295, 1296, 1297, 1298, 1308, 1309, 1310, 1311, 1321, 1340, 1350, 1355, 1356, 1357, 1358, 1366, 1367, 1368, 1374, 1375, 1376, 1391, 1392, 1393, 1394, 1422, 1432, 1437, 1445, 1446, 1448, 1451, 1454, 1463, 1464, 1470, 1471, 1472, 1478, 1483, 1484, 1486, 1487, 1494, 1526, 1527, 1530, 1536, 1541, 1543, 1544, 1551, 1567, 1570, 1588, 1589, 1590, 1591, 1592, 1593, 1594, 1595, 1597, 1600, 1605, 1606, 1607, 1608, 1630, 1631, 1632, 1636, 1639, 1640, 1641, 1643, 1644, 1659, 1660, 1661, 1662, 1663, 1664, 1666, 1667, 1668, 1680, 1681, 1682, 1683, 1684, 1685, 1686, 1700, 1706, 1713, 1714, 1715, 1716, 1717, 1718, 1719, 1720, 1726, 1727, 1729, 1730, 1731, 1733, 1734, 1735, 1743, 1744, 1796, 1800, 1818, 1819, 1843, 1844, 1846, 1848, 1849, 1850, 1851, 1852, 1853, 1854, 1855, 1856, 1857, 1858, 1859, 1861, 1865, 1866, 1878, 1880, 1881, 1882, 1883, 1884, 1885, 1886, 1887, 1888, 1889, 1890, 1891, 1892, 1893, 1894, 1895, 1896, 1897, 1898, 1899, 1900, 1901, 1902, 1903, 1904, 1905, 1906, 1907, 1908, 1909, 1910, 1911, 1913, 1914, 1915, 1916, 1917, 1918, 1919, 1920, 1921, 1927, 1928, 1929, 1930, 1931, 1932, 1933, 1935, 1936, 1937, 1943, 1944, 1948, 1949, 1950, 1951, 1952, 1959, 1962, 1963, 1965, 1977, 1991, 1992, 1997, 1999, 2005, 2006, 2008, 2013, 2015, 2019, 2020, 2023, 2041, 2053, 2055]
###########
Solution: 8
Time: 7.922999858856201
Objectives: [525.0 807788.0; 512.0 817760.0; 531.0 790868.0; 527.0 802888.0; 519.0 812863.0; 518.0 813265.0; 520.0 808898.0; 513.0 813795.0; 530.0 791270.0; 526.0 807386.0]
Centers: [76, 108, 775, 802, 882, 1149, 1356, 1590, 1899, 1962]
Points: [1, 6, 11, 13, 22, 39, 46, 50, 59, 69, 70, 71, 72, 73, 74, 75, 76, 77, 78, 79, 80, 81, 82, 86, 89, 91, 93, 95, 98, 99, 100, 104, 108, 109, 110, 111, 149, 161, 168, 179, 186, 187, 206, 208, 209, 211, 214, 215, 216, 217, 218, 224, 225, 236, 255, 295, 308, 310, 311, 312, 313, 314, 315, 316, 317, 318, 319, 320, 321, 322, 323, 324, 325, 326, 335, 336, 343, 350, 351, 355, 356, 357, 360, 361, 363, 364, 368, 371, 372, 373, 375, 376, 377, 379, 380, 381, 382, 384, 387, 388, 389, 391, 392, 393, 396, 442, 443, 448, 477, 478, 502, 522, 544, 551, 595, 653, 698, 699, 700, 706, 707, 708, 709, 710, 711, 712, 713, 714, 715, 716, 717, 718, 719, 720, 721, 722, 723, 724, 731, 733, 734, 735, 738, 739, 740, 742, 743, 746, 747, 748, 749, 761, 762, 763, 764, 765, 768, 772, 773, 774, 775, 776, 777, 788, 789, 792, 802, 829, 830, 831, 832, 841, 857, 858, 859, 867, 869, 870, 871, 872, 873, 879, 880, 881, 882, 883, 887, 888, 889, 890, 891, 892, 893, 894, 895, 896, 897, 898, 917, 919, 920, 934, 937, 942, 944, 960, 965, 966, 967, 968, 969, 976, 982, 983, 984, 985, 995, 1011, 1017, 1018, 1020, 1021, 1022, 1023, 1030, 1031, 1037, 1038, 1051, 1062, 1063, 1064, 1065, 1077, 1089, 1091, 1095, 1096, 1100, 1101, 1110, 1123, 1126, 1127, 1130, 1147, 1148, 1149, 1150, 1154, 1156, 1163, 1164, 1166, 1167, 1168, 1172, 1180, 1181, 1190, 1191, 1192, 1193, 1203, 1204, 1212, 1215, 1222, 1223, 1224, 1225, 1229, 1232, 1233, 1234, 1235, 1236, 1238, 1241, 1242, 1243, 1244, 1245, 1246, 1248, 1249, 1251, 1252, 1253, 1258, 1266, 1267, 1268, 1269, 1270, 1271, 1272, 1273, 1274, 1275, 1276, 1277, 1281, 1282, 1293, 1294, 1295, 1296, 1297, 1298, 1300, 1310, 1311, 1321, 1340, 1350, 1355, 1356, 1357, 1358, 1366, 1367, 1368, 1374, 1375, 1391, 1392, 1393, 1394, 1422, 1432, 1437, 1445, 1446, 1448, 1451, 1454, 1463, 1464, 1470, 1471, 1472, 1478, 1483, 1484, 1486, 1487, 1494, 1526, 1527, 1530, 1536, 1541, 1543, 1544, 1551, 1567, 1569, 1570, 1588, 1589, 1590, 1591, 1592, 1593, 1594, 1597, 1600, 1605, 1606, 1607, 1608, 1630, 1631, 1632, 1636, 1639, 1640, 1641, 1643, 1644, 1658, 1659, 1660, 1661, 1662, 1663, 1664, 1665, 1666, 1667, 1668, 1680, 1681, 1682, 1683, 1684, 1685, 1686, 1700, 1706, 1713, 1714, 1715, 1717, 1718, 1719, 1720, 1721, 1722, 1723, 1724, 1725, 1726, 1727, 1729, 1730, 1731, 1733, 1734, 1735, 1743, 1744, 1796, 1800, 1818, 1819, 1843, 1844, 1846, 1848, 1849, 1850, 1851, 1853, 1854, 1855, 1856, 1857, 1858, 1859, 1861, 1865, 1866, 1878, 1882, 1883, 1884, 1885, 1886, 1887, 1897, 1898, 1899, 1902, 1903, 1904, 1906, 1907, 1908, 1909, 1910, 1911, 1913, 1914, 1915, 1916, 1917, 1918, 1919, 1920, 1921, 1927, 1928, 1929, 1930, 1931, 1932, 1933, 1935, 1936, 1937, 1943, 1944, 1948, 1949, 1950, 1951, 1952, 1959, 1962, 1963, 1965, 1977, 1978, 1981, 1982, 1983, 1991, 1992, 1997, 1999, 2005, 2006, 2008, 2013, 2015, 2019, 2020, 2023, 2041, 2053, 2055]
###########
Solution: 9
Time: 7.922999858856201
Objectives: [525.0 807788.0; 512.0 817760.0; 531.0 790868.0; 527.0 802888.0; 519.0 812863.0; 518.0 813265.0; 520.0 808898.0; 513.0 813795.0; 530.0 791270.0; 526.0 807386.0]
Centers: [76, 100, 108, 611, 749, 802, 882, 916, 1252, 1356]
Points: [1, 6, 11, 13, 23, 38, 39, 45, 46, 47, 48, 50, 59, 69, 70, 71, 72, 73, 74, 75, 76, 77, 78, 79, 80, 81, 82, 86, 89, 91, 93, 95, 98, 99, 100, 104, 108, 110, 111, 123, 124, 126, 135, 149, 152, 168, 179, 186, 187, 198, 206, 208, 209, 211, 214, 215, 216, 217, 218, 219, 220, 222, 224, 226, 242, 245, 255, 256, 295, 301, 308, 310, 311, 312, 313, 314, 315, 316, 317, 318, 319, 320, 321, 322, 323, 324, 325, 326, 336, 343, 350, 351, 353, 354, 355, 356, 357, 361, 363, 364, 368, 371, 372, 373, 375, 376, 377, 379, 380, 381, 382, 384, 387, 388, 389, 391, 392, 393, 476, 477, 478, 502, 522, 544, 551, 558, 561, 566, 595, 609, 610, 611, 625, 627, 628, 630, 631, 647, 653, 660, 671, 698, 699, 706, 707, 708, 714, 715, 717, 718, 719, 724, 725, 746, 747, 748, 749, 761, 762, 763, 764, 768, 772, 773, 774, 775, 776, 777, 788, 789, 791, 792, 793, 794, 802, 803, 804, 828, 829, 830, 831, 832, 839, 841, 852, 853, 854, 855, 856, 857, 858, 859, 867, 869, 870, 871, 872, 873, 879, 880, 881, 882, 883, 887, 888, 889, 890, 891, 892, 893, 894, 895, 896, 897, 898, 903, 913, 914, 916, 917, 919, 920, 934, 937, 942, 943, 944, 960, 965, 967, 968, 969, 973, 976, 983, 984, 985, 995, 1017, 1018, 1020, 1030, 1031, 1037, 1038, 1051, 1057, 1062, 1063, 1064, 1065, 1070, 1077, 1084, 1085, 1086, 1089, 1091, 1095, 1096, 1100, 1101, 1103, 1104, 1107, 1108, 1109, 1110, 1123, 1126, 1127, 1130, 1136, 1138, 1147, 1148, 1156, 1157, 1158, 1159, 1160, 1161, 1163, 1166, 1167, 1168, 1172, 1175, 1178, 1179, 1180, 1181, 1191, 1192, 1193, 1196, 1198, 1203, 1204, 1215, 1222, 1223, 1224, 1225, 1226, 1234, 1235, 1236, 1238, 1241, 1242, 1243, 1245, 1246, 1247, 1248, 1249, 1251, 1252, 1253, 1256, 1282, 1298, 1303, 1304, 1305, 1306, 1307, 1308, 1309, 1310, 1311, 1319, 1320, 1321, 1322, 1340, 1350, 1355, 1356, 1357, 1358, 1366, 1374, 1375, 1376, 1381, 1382, 1383, 1384, 1391, 1392, 1393, 1394, 1422, 1432, 1434, 1437, 1445, 1451, 1463, 1464, 1470, 1471, 1472, 1478, 1483, 1484, 1486, 1487, 1494, 1526, 1530, 1536, 1541, 1555, 1570, 1588, 1589, 1590, 1591, 1595, 1597, 1605, 1606, 1607, 1608, 1621, 1622, 1630, 1632, 1634, 1635, 1636, 1639, 1640, 1643, 1644, 1648, 1655, 1659, 1663, 1664, 1666, 1667, 1668, 1680, 1681, 1682, 1683, 1684, 1685, 1686, 1700, 1713, 1714, 1715, 1716, 1717, 1718, 1719, 1720, 1733, 1743, 1744, 1796, 1800, 1818, 1819, 1844, 1846, 1848, 1849, 1850, 1851, 1852, 1853, 1854, 1855, 1856, 1857, 1859, 1861, 1865, 1866, 1878, 1880, 1881, 1883, 1884, 1886, 1887, 1888, 1889, 1890, 1891, 1892, 1893, 1894, 1895, 1896, 1897, 1898, 1899, 1900, 1901, 1902, 1903, 1904, 1905, 1906, 1907, 1908, 1909, 1910, 1911, 1913, 1914, 1915, 1916, 1917, 1918, 1919, 1920, 1921, 1927, 1928, 1929, 1930, 1931, 1932, 1933, 1935, 1936, 1937, 1943, 1944, 1948, 1949, 1950, 1951, 1952, 1959, 1963, 1965, 1991, 1992, 1993, 1994, 1997, 1999, 2005, 2006, 2008, 2013, 2014, 2015, 2019, 2020, 2022, 2023, 2038, 2041, 2046, 2047, 2049, 2050, 2051, 2053, 2055]
###########
Solution: 10
Time: 7.922999858856201
Objectives: [525.0 807788.0; 512.0 817760.0; 531.0 790868.0; 527.0 802888.0; 519.0 812863.0; 518.0 813265.0; 520.0 808898.0; 513.0 813795.0; 530.0 791270.0; 526.0 807386.0]
Centers: [76, 100, 108, 746, 802, 882, 916, 1356, 1590, 1962]
Points: [1, 6, 11, 13, 38, 39, 45, 46, 47, 48, 50, 59, 69, 70, 71, 72, 73, 74, 75, 76, 77, 78, 79, 80, 81, 82, 86, 89, 91, 93, 95, 98, 99, 100, 104, 108, 110, 111, 123, 126, 135, 149, 168, 179, 186, 187, 198, 206, 208, 209, 211, 214, 215, 216, 217, 218, 219, 220, 222, 224, 226, 242, 245, 255, 256, 295, 301, 308, 310, 311, 312, 313, 314, 315, 316, 317, 318, 319, 320, 321, 322, 323, 324, 325, 326, 335, 336, 343, 350, 351, 353, 354, 355, 356, 357, 363, 364, 368, 371, 372, 373, 375, 376, 377, 379, 380, 381, 382, 384, 387, 388, 389, 391, 392, 393, 477, 478, 502, 522, 544, 551, 558, 561, 566, 595, 609, 625, 627, 628, 630, 631, 653, 698, 699, 706, 707, 708, 709, 710, 711, 712, 713, 714, 715, 716, 717, 718, 719, 720, 721, 722, 723, 724, 731, 733, 734, 735, 738, 739, 740, 742, 743, 746, 747, 748, 749, 761, 762, 763, 764, 768, 772, 773, 774, 775, 776, 777, 788, 791, 792, 793, 794, 802, 829, 830, 831, 832, 839, 841, 852, 853, 854, 855, 856, 857, 858, 859, 867, 869, 870, 871, 872, 873, 879, 880, 881, 882, 883, 887, 888, 889, 890, 891, 892, 893, 894, 895, 896, 897, 898, 903, 916, 917, 919, 920, 934, 937, 942, 943, 944, 960, 965, 966, 967, 968, 969, 973, 976, 983, 984, 985, 995, 1017, 1018, 1020, 1030, 1031, 1037, 1038, 1051, 1062, 1063, 1064, 1065, 1077, 1089, 1091, 1095, 1096, 1100, 1101, 1109, 1110, 1123, 1126, 1127, 1130, 1136, 1147, 1148, 1156, 1163, 1164, 1166, 1167, 1168, 1172, 1175, 1180, 1181, 1191, 1192, 1193, 1203, 1204, 1215, 1222, 1223, 1224, 1225, 1234, 1235, 1236, 1238, 1241, 1242, 1243, 1244, 1245, 1246, 1248, 1249, 1251, 1252, 1253, 1282, 1294, 1295, 1296, 1297, 1298, 1307, 1308, 1309, 1310, 1311, 1319, 1320, 1321, 1322, 1340, 1350, 1355, 1356, 1357, 1358, 1366, 1374, 1375, 1376, 1381, 1382, 1383, 1384, 1391, 1392, 1393, 1394, 1422, 1432, 1437, 1445, 1448, 1451, 1454, 1463, 1464, 1470, 1471, 1472, 1478, 1483, 1484, 1486, 1487, 1494, 1526, 1530, 1536, 1541, 1555, 1567, 1570, 1588, 1589, 1590, 1591, 1592, 1593, 1594, 1595, 1597, 1600, 1605, 1606, 1607, 1608, 1630, 1631, 1632, 1636, 1639, 1640, 1641, 1643, 1644, 1659, 1660, 1661, 1662, 1663, 1664, 1666, 1667, 1668, 1680, 1681, 1682, 1683, 1684, 1685, 1686, 1700, 1713, 1714, 1715, 1716, 1717, 1718, 1719, 1720, 1726, 1727, 1729, 1730, 1731, 1733, 1743, 1744, 1796, 1800, 1818, 1819, 1844, 1846, 1848, 1849, 1850, 1851, 1852, 1853, 1854, 1855, 1856, 1857, 1858, 1859, 1861, 1865, 1866, 1878, 1880, 1881, 1882, 1883, 1884, 1885, 1886, 1887, 1888, 1889, 1890, 1891, 1892, 1893, 1894, 1895, 1896, 1897, 1898, 1899, 1900, 1901, 1902, 1903, 1904, 1905, 1906, 1907, 1908, 1909, 1910, 1911, 1913, 1914, 1915, 1916, 1917, 1918, 1919, 1920, 1921, 1927, 1928, 1929, 1930, 1931, 1932, 1933, 1935, 1936, 1937, 1943, 1944, 1948, 1949, 1950, 1951, 1952, 1959, 1962, 1963, 1965, 1977, 1991, 1992, 1993, 1994, 1997, 1999, 2005, 2006, 2008, 2013, 2014, 2015, 2019, 2020, 2022, 2023, 2041, 2049, 2050, 2051, 2053, 2055]
