###########
Solution: 1
Time: 15.151000022888184
Objectives: [563.0 898766.0; 538.0 920286.0; 570.0 866666.0; 564.0 894313.0; 554.0 909667.0; 552.0 913542.0; 548.0 914514.0; 567.0 871079.0; 568.0 870160.0; 569.0 869605.0]
Centers: [184, 259, 805, 1074, 1199, 1244, 1648, 1710, 1757, 1899]
Points: [7, 8, 11, 12, 13, 14, 21, 22, 23, 24, 25, 26, 27, 29, 30, 31, 32, 36, 38, 51, 63, 66, 67, 68, 69, 74, 75, 76, 77, 79, 122, 123, 124, 125, 129, 130, 131, 137, 138, 139, 146, 148, 184, 185, 187, 188, 190, 191, 192, 193, 195, 196, 197, 198, 199, 200, 201, 202, 205, 207, 208, 209, 210, 211, 212, 214, 218, 219, 220, 221, 222, 224, 225, 226, 227, 229, 230, 232, 233, 234, 235, 236, 237, 238, 239, 240, 241, 244, 245, 246, 247, 252, 253, 254, 256, 258, 259, 260, 266, 267, 269, 272, 273, 274, 275, 277, 304, 309, 310, 311, 312, 313, 314, 315, 316, 340, 341, 342, 344, 345, 346, 347, 348, 349, 350, 351, 352, 353, 354, 355, 356, 365, 366, 370, 372, 373, 384, 386, 405, 406, 407, 408, 409, 422, 423, 427, 429, 430, 431, 446, 447, 448, 449, 468, 469, 470, 491, 494, 495, 496, 507, 510, 511, 512, 513, 514, 523, 524, 525, 526, 558, 559, 560, 561, 562, 563, 564, 565, 566, 567, 568, 569, 570, 571, 572, 606, 609, 612, 661, 663, 673, 674, 679, 739, 743, 744, 745, 746, 747, 748, 749, 751, 752, 754, 760, 791, 792, 796, 797, 798, 799, 800, 801, 802, 803, 804, 805, 811, 812, 813, 818, 842, 843, 844, 845, 846, 847, 848, 849, 850, 851, 852, 853, 854, 855, 856, 864, 908, 909, 910, 911, 912, 915, 919, 925, 931, 933, 951, 952, 954, 955, 969, 972, 985, 987, 1002, 1011, 1017, 1018, 1019, 1020, 1021, 1031, 1037, 1043, 1044, 1050, 1052, 1053, 1054, 1055, 1056, 1057, 1058, 1059, 1060, 1064, 1067, 1068, 1069, 1070, 1071, 1072, 1073, 1074, 1075, 1076, 1078, 1079, 1080, 1081, 1084, 1086, 1087, 1094, 1096, 1101, 1102, 1103, 1111, 1116, 1122, 1124, 1128, 1129, 1138, 1139, 1145, 1146, 1147, 1181, 1182, 1183, 1199, 1202, 1203, 1220, 1225, 1226, 1232, 1235, 1238, 1239, 1243, 1244, 1245, 1246, 1247, 1248, 1249, 1250, 1263, 1267, 1271, 1280, 1281, 1282, 1284, 1285, 1286, 1288, 1289, 1290, 1296, 1297, 1311, 1315, 1330, 1331, 1349, 1350, 1407, 1409, 1467, 1469, 1470, 1472, 1473, 1492, 1493, 1497, 1498, 1500, 1501, 1510, 1516, 1521, 1525, 1528, 1533, 1538, 1561, 1562, 1569, 1570, 1571, 1572, 1573, 1574, 1575, 1582, 1585, 1586, 1595, 1596, 1597, 1598, 1600, 1602, 1612, 1613, 1614, 1615, 1616, 1617, 1618, 1623, 1624, 1626, 1627, 1628, 1629, 1631, 1632, 1633, 1643, 1644, 1645, 1646, 1647, 1648, 1652, 1653, 1654, 1655, 1663, 1664, 1665, 1666, 1668, 1669, 1670, 1694, 1695, 1696, 1697, 1698, 1703, 1705, 1706, 1709, 1710, 1727, 1730, 1733, 1734, 1736, 1742, 1743, 1745, 1746, 1748, 1752, 1753, 1754, 1755, 1756, 1757, 1758, 1759, 1760, 1761, 1762, 1763, 1764, 1768, 1770, 1772, 1773, 1774, 1775, 1778, 1779, 1780, 1782, 1791, 1800, 1809, 1810, 1811, 1812, 1820, 1821, 1822, 1824, 1826, 1829, 1845, 1854, 1855, 1857, 1858, 1860, 1861, 1863, 1864, 1865, 1870, 1881, 1891, 1899, 1900, 1907, 1910, 1911, 1912, 1913, 1914, 1915, 1918, 1919, 1920, 1921, 1922, 1924, 1925, 1926, 1927, 1928, 1931, 1932, 1962, 1974, 1982, 1983, 1990, 1991, 1992, 1993, 1994, 1995, 1996, 1997, 1999, 2000, 2002, 2003, 2004, 2005, 2007, 2009, 2010, 2011, 2012, 2013, 2014, 2015, 2016, 2017, 2019, 2020, 2021, 2022, 2023, 2024, 2025, 2026, 2030, 2031, 2032, 2033, 2034, 2035, 2036, 2037, 2039, 2040, 2041, 2042, 2044, 2045, 2047, 2048]
###########
Solution: 2
Time: 15.151000022888184
Objectives: [563.0 898766.0; 538.0 920286.0; 570.0 866666.0; 564.0 894313.0; 554.0 909667.0; 552.0 913542.0; 548.0 914514.0; 567.0 871079.0; 568.0 870160.0; 569.0 869605.0]
Centers: [184, 259, 345, 805, 1024, 1074, 1199, 1479, 1648, 1899]
Points: [1, 2, 3, 4, 7, 8, 11, 12, 13, 14, 15, 16, 17, 18, 19, 20, 21, 22, 23, 24, 25, 26, 27, 28, 29, 30, 31, 32, 36, 38, 51, 63, 66, 67, 68, 69, 71, 72, 73, 74, 75, 76, 77, 79, 122, 123, 124, 125, 129, 130, 131, 137, 138, 139, 146, 148, 184, 185, 187, 188, 190, 191, 192, 193, 195, 196, 197, 198, 199, 200, 201, 202, 205, 207, 208, 209, 210, 211, 212, 214, 218, 219, 220, 221, 222, 224, 225, 226, 227, 229, 230, 232, 233, 234, 235, 236, 237, 238, 239, 240, 241, 244, 245, 246, 247, 252, 253, 254, 256, 258, 259, 260, 266, 267, 273, 274, 275, 277, 334, 338, 339, 340, 341, 342, 343, 345, 346, 347, 349, 350, 351, 352, 353, 354, 355, 356, 365, 366, 367, 368, 370, 371, 372, 373, 384, 386, 405, 406, 407, 408, 409, 422, 427, 429, 430, 431, 446, 447, 448, 449, 468, 469, 470, 491, 494, 495, 496, 507, 510, 511, 512, 513, 514, 523, 524, 525, 526, 558, 559, 560, 561, 562, 563, 564, 565, 566, 567, 568, 569, 570, 571, 572, 609, 611, 612, 649, 673, 674, 677, 721, 760, 770, 791, 792, 796, 797, 798, 799, 800, 801, 802, 803, 804, 805, 811, 812, 813, 818, 839, 840, 841, 842, 843, 844, 845, 846, 847, 848, 849, 850, 851, 852, 853, 854, 855, 856, 858, 859, 860, 861, 863, 864, 866, 905, 908, 909, 910, 911, 912, 915, 919, 925, 931, 933, 951, 954, 955, 969, 972, 987, 1002, 1011, 1017, 1018, 1019, 1020, 1021, 1022, 1023, 1024, 1025, 1026, 1027, 1028, 1029, 1030, 1031, 1037, 1043, 1044, 1045, 1046, 1047, 1048, 1049, 1050, 1051, 1052, 1053, 1054, 1055, 1056, 1057, 1058, 1059, 1060, 1064, 1067, 1068, 1069, 1070, 1071, 1072, 1073, 1074, 1075, 1076, 1078, 1079, 1080, 1081, 1082, 1083, 1084, 1085, 1086, 1087, 1094, 1101, 1102, 1103, 1111, 1116, 1124, 1128, 1129, 1138, 1139, 1145, 1146, 1147, 1181, 1182, 1183, 1199, 1202, 1203, 1220, 1225, 1226, 1232, 1235, 1238, 1239, 1243, 1244, 1245, 1246, 1247, 1248, 1249, 1250, 1263, 1267, 1271, 1280, 1281, 1282, 1284, 1285, 1286, 1288, 1289, 1290, 1292, 1296, 1297, 1311, 1315, 1330, 1331, 1349, 1407, 1409, 1467, 1469, 1470, 1477, 1479, 1481, 1485, 1492, 1493, 1498, 1500, 1501, 1510, 1516, 1523, 1525, 1528, 1533, 1538, 1560, 1561, 1564, 1582, 1585, 1586, 1595, 1596, 1597, 1598, 1600, 1602, 1606, 1607, 1608, 1609, 1610, 1611, 1612, 1613, 1614, 1615, 1616, 1617, 1618, 1623, 1624, 1626, 1627, 1628, 1629, 1631, 1632, 1633, 1641, 1643, 1644, 1645, 1646, 1647, 1648, 1652, 1653, 1654, 1655, 1660, 1661, 1662, 1663, 1664, 1665, 1666, 1668, 1669, 1670, 1727, 1765, 1766, 1767, 1791, 1809, 1811, 1826, 1829, 1840, 1891, 1899, 1900, 1907, 1910, 1911, 1912, 1913, 1914, 1915, 1918, 1919, 1920, 1921, 1922, 1924, 1925, 1926, 1927, 1928, 1931, 1932, 1950, 1955, 1956, 1962, 1963, 1973, 1974, 1982, 1983, 1990, 1991, 1992, 1993, 1994, 1995, 1996, 1997, 1999, 2000, 2002, 2003, 2004, 2005, 2007, 2009, 2010, 2011, 2012, 2013, 2014, 2015, 2016, 2017, 2019, 2020, 2021, 2022, 2023, 2024, 2025, 2026, 2030, 2031, 2032, 2033, 2034, 2035, 2036, 2037, 2039, 2040, 2041, 2042, 2044, 2045, 2046, 2047, 2048]
###########
Solution: 3
Time: 15.151000022888184
Objectives: [563.0 898766.0; 538.0 920286.0; 570.0 866666.0; 564.0 894313.0; 554.0 909667.0; 552.0 913542.0; 548.0 914514.0; 567.0 871079.0; 568.0 870160.0; 569.0 869605.0]
Centers: [184, 259, 376, 805, 847, 1199, 1648, 1710, 1757, 1899]
Points: [7, 8, 11, 12, 13, 14, 21, 22, 33, 35, 36, 38, 51, 63, 66, 67, 68, 69, 77, 79, 88, 89, 90, 91, 92, 93, 122, 123, 124, 125, 129, 130, 131, 137, 138, 139, 146, 148, 184, 185, 187, 188, 190, 191, 192, 193, 195, 196, 197, 198, 199, 200, 201, 202, 205, 207, 208, 209, 210, 211, 212, 214, 218, 219, 220, 221, 222, 224, 225, 226, 227, 229, 230, 232, 233, 234, 235, 236, 237, 238, 239, 240, 241, 244, 245, 246, 247, 253, 254, 256, 258, 259, 260, 266, 267, 269, 272, 273, 274, 275, 304, 309, 310, 311, 312, 313, 314, 315, 316, 334, 341, 342, 345, 347, 348, 349, 350, 351, 352, 353, 354, 355, 356, 365, 366, 368, 370, 372, 374, 376, 384, 386, 405, 406, 407, 408, 409, 422, 423, 427, 429, 430, 431, 446, 447, 448, 449, 468, 469, 470, 494, 495, 496, 507, 510, 511, 512, 513, 514, 523, 524, 525, 526, 558, 559, 560, 561, 562, 563, 564, 565, 566, 567, 568, 569, 570, 571, 572, 606, 609, 612, 661, 663, 673, 674, 679, 739, 743, 744, 745, 746, 747, 748, 749, 751, 752, 754, 760, 791, 792, 796, 797, 798, 799, 800, 801, 802, 803, 804, 805, 811, 812, 813, 818, 841, 843, 844, 845, 846, 847, 848, 849, 851, 852, 854, 855, 908, 909, 910, 911, 912, 914, 915, 919, 925, 931, 932, 933, 951, 952, 954, 955, 969, 972, 985, 987, 1002, 1011, 1017, 1018, 1019, 1020, 1021, 1023, 1028, 1029, 1030, 1031, 1044, 1050, 1051, 1060, 1064, 1067, 1068, 1069, 1070, 1071, 1072, 1073, 1075, 1076, 1079, 1081, 1094, 1096, 1101, 1102, 1103, 1112, 1116, 1118, 1122, 1128, 1129, 1135, 1136, 1143, 1144, 1181, 1182, 1183, 1199, 1202, 1203, 1204, 1208, 1210, 1213, 1214, 1215, 1216, 1217, 1220, 1225, 1226, 1232, 1235, 1238, 1239, 1243, 1244, 1245, 1247, 1248, 1249, 1250, 1252, 1256, 1263, 1267, 1271, 1280, 1281, 1282, 1284, 1285, 1286, 1288, 1289, 1290, 1296, 1297, 1311, 1315, 1330, 1331, 1349, 1350, 1407, 1409, 1467, 1469, 1470, 1472, 1473, 1485, 1492, 1493, 1497, 1498, 1500, 1501, 1510, 1516, 1521, 1525, 1528, 1533, 1538, 1561, 1562, 1569, 1570, 1571, 1572, 1573, 1574, 1575, 1582, 1585, 1586, 1595, 1596, 1597, 1598, 1600, 1602, 1612, 1613, 1614, 1615, 1616, 1617, 1618, 1623, 1624, 1626, 1627, 1628, 1629, 1631, 1632, 1633, 1634, 1635, 1640, 1643, 1644, 1645, 1646, 1647, 1648, 1652, 1653, 1654, 1655, 1663, 1664, 1665, 1666, 1667, 1668, 1670, 1672, 1674, 1675, 1677, 1680, 1681, 1682, 1683, 1684, 1694, 1695, 1696, 1697, 1698, 1703, 1705, 1706, 1707, 1709, 1710, 1715, 1727, 1730, 1733, 1734, 1736, 1742, 1743, 1745, 1746, 1748, 1752, 1753, 1754, 1755, 1756, 1757, 1758, 1759, 1760, 1761, 1762, 1763, 1764, 1768, 1770, 1772, 1773, 1774, 1775, 1778, 1779, 1780, 1782, 1800, 1809, 1810, 1811, 1812, 1820, 1821, 1822, 1824, 1826, 1829, 1845, 1854, 1855, 1857, 1858, 1860, 1861, 1863, 1864, 1865, 1870, 1881, 1889, 1891, 1892, 1899, 1900, 1907, 1910, 1911, 1912, 1913, 1914, 1915, 1918, 1919, 1920, 1921, 1922, 1924, 1925, 1926, 1927, 1928, 1931, 1932, 1962, 1968, 1969, 1971, 1974, 1982, 1983, 1990, 1991, 1992, 1993, 1994, 1995, 1996, 1997, 1999, 2000, 2002, 2003, 2004, 2005, 2007, 2009, 2010, 2011, 2012, 2013, 2014, 2015, 2016, 2017, 2019, 2020, 2021, 2022, 2023, 2024, 2025, 2026, 2030, 2031, 2032, 2033, 2034, 2035, 2036, 2037, 2039, 2040, 2041, 2042, 2044, 2045, 2047, 2048]
###########
Solution: 4
Time: 15.151000022888184
Objectives: [563.0 898766.0; 538.0 920286.0; 570.0 866666.0; 564.0 894313.0; 554.0 909667.0; 552.0 913542.0; 548.0 914514.0; 567.0 871079.0; 568.0 870160.0; 569.0 869605.0]
Centers: [184, 259, 345, 805, 1074, 1199, 1648, 1710, 1757, 1899]
Points: [7, 8, 11, 12, 13, 14, 21, 22, 23, 24, 25, 26, 27, 29, 30, 31, 32, 36, 38, 51, 63, 66, 67, 68, 69, 74, 75, 76, 77, 79, 122, 123, 124, 125, 129, 130, 131, 137, 138, 139, 146, 148, 184, 185, 187, 188, 190, 191, 192, 193, 195, 196, 197, 198, 199, 200, 201, 202, 205, 207, 208, 209, 210, 211, 212, 214, 218, 219, 220, 221, 222, 224, 225, 226, 227, 229, 230, 232, 233, 234, 235, 236, 237, 238, 239, 240, 241, 244, 245, 246, 247, 252, 253, 254, 256, 258, 259, 260, 266, 267, 269, 272, 273, 274, 275, 277, 304, 309, 310, 311, 312, 313, 314, 315, 316, 340, 345, 346, 347, 349, 350, 351, 352, 353, 354, 355, 356, 365, 366, 370, 372, 373, 384, 386, 405, 406, 407, 408, 409, 422, 423, 427, 429, 430, 431, 446, 447, 448, 449, 468, 469, 470, 491, 494, 495, 496, 507, 510, 511, 512, 513, 514, 523, 524, 525, 526, 558, 559, 560, 561, 562, 563, 564, 565, 566, 567, 568, 569, 570, 571, 572, 606, 609, 612, 661, 663, 673, 674, 679, 739, 743, 744, 745, 746, 747, 748, 749, 751, 752, 754, 760, 770, 791, 792, 796, 797, 798, 799, 800, 801, 802, 803, 804, 805, 811, 812, 813, 818, 842, 843, 844, 845, 846, 847, 848, 849, 850, 851, 852, 853, 854, 855, 856, 860, 863, 864, 866, 908, 909, 910, 911, 912, 915, 919, 925, 931, 933, 951, 952, 954, 955, 969, 972, 985, 987, 1002, 1011, 1017, 1018, 1019, 1020, 1021, 1031, 1037, 1043, 1044, 1052, 1053, 1054, 1055, 1056, 1057, 1058, 1059, 1060, 1064, 1069, 1070, 1071, 1072, 1073, 1074, 1075, 1076, 1078, 1079, 1080, 1081, 1082, 1083, 1084, 1085, 1086, 1087, 1094, 1096, 1101, 1102, 1103, 1111, 1116, 1122, 1124, 1128, 1129, 1138, 1139, 1145, 1146, 1147, 1181, 1182, 1183, 1199, 1202, 1203, 1220, 1225, 1226, 1232, 1235, 1238, 1239, 1243, 1244, 1245, 1246, 1247, 1248, 1249, 1250, 1263, 1267, 1271, 1280, 1281, 1282, 1284, 1285, 1286, 1288, 1289, 1290, 1292, 1296, 1297, 1311, 1315, 1330, 1331, 1349, 1350, 1407, 1409, 1467, 1469, 1470, 1472, 1473, 1492, 1493, 1497, 1498, 1500, 1501, 1510, 1516, 1521, 1525, 1528, 1533, 1538, 1561, 1562, 1569, 1570, 1571, 1572, 1573, 1574, 1575, 1582, 1585, 1586, 1595, 1596, 1597, 1598, 1600, 1602, 1612, 1613, 1614, 1615, 1616, 1617, 1618, 1623, 1624, 1626, 1627, 1628, 1629, 1631, 1632, 1633, 1643, 1644, 1645, 1646, 1647, 1648, 1652, 1653, 1654, 1655, 1663, 1664, 1665, 1666, 1668, 1669, 1670, 1694, 1695, 1696, 1697, 1698, 1703, 1705, 1706, 1709, 1710, 1727, 1730, 1733, 1734, 1736, 1742, 1743, 1745, 1746, 1748, 1752, 1753, 1754, 1755, 1756, 1757, 1758, 1759, 1760, 1761, 1762, 1763, 1764, 1768, 1770, 1772, 1773, 1774, 1775, 1778, 1779, 1780, 1782, 1791, 1800, 1809, 1810, 1811, 1812, 1820, 1821, 1822, 1824, 1826, 1829, 1845, 1854, 1855, 1857, 1858, 1860, 1861, 1863, 1864, 1865, 1870, 1881, 1891, 1899, 1900, 1907, 1910, 1911, 1912, 1913, 1914, 1915, 1918, 1919, 1920, 1921, 1922, 1924, 1925, 1926, 1927, 1928, 1931, 1932, 1962, 1974, 1982, 1983, 1990, 1991, 1992, 1993, 1994, 1995, 1996, 1997, 1999, 2000, 2002, 2003, 2004, 2005, 2007, 2009, 2010, 2011, 2012, 2013, 2014, 2015, 2016, 2017, 2019, 2020, 2021, 2022, 2023, 2024, 2025, 2026, 2030, 2031, 2032, 2033, 2034, 2035, 2036, 2037, 2039, 2040, 2041, 2042, 2044, 2045, 2047, 2048]
###########
Solution: 5
Time: 15.151000022888184
Objectives: [563.0 898766.0; 538.0 920286.0; 570.0 866666.0; 564.0 894313.0; 554.0 909667.0; 552.0 913542.0; 548.0 914514.0; 567.0 871079.0; 568.0 870160.0; 569.0 869605.0]
Centers: [184, 259, 805, 812, 1052, 1199, 1479, 1648, 1710, 1899]
Points: [1, 2, 3, 4, 7, 8, 11, 12, 13, 14, 15, 16, 17, 18, 19, 20, 21, 22, 26, 27, 28, 30, 31, 32, 36, 38, 51, 63, 66, 67, 68, 69, 71, 72, 73, 74, 76, 77, 79, 122, 123, 124, 125, 129, 130, 131, 137, 138, 139, 146, 148, 184, 185, 187, 188, 190, 191, 192, 193, 195, 196, 197, 198, 199, 200, 201, 202, 205, 207, 208, 209, 210, 211, 212, 214, 218, 219, 220, 221, 222, 224, 225, 226, 227, 229, 230, 232, 233, 234, 235, 236, 237, 238, 239, 240, 241, 244, 245, 246, 247, 252, 253, 254, 256, 258, 259, 260, 266, 267, 269, 273, 274, 275, 277, 310, 311, 312, 313, 314, 315, 316, 340, 345, 346, 347, 349, 351, 352, 354, 355, 356, 365, 366, 370, 371, 372, 373, 384, 405, 406, 407, 408, 409, 422, 423, 427, 429, 430, 431, 446, 447, 448, 449, 468, 469, 470, 491, 494, 495, 496, 507, 510, 511, 512, 513, 514, 523, 524, 525, 526, 558, 559, 560, 561, 562, 563, 564, 565, 566, 567, 568, 569, 570, 571, 572, 606, 609, 611, 612, 663, 673, 674, 679, 743, 744, 745, 746, 747, 748, 749, 751, 752, 754, 760, 770, 791, 792, 796, 797, 798, 799, 800, 801, 802, 803, 804, 805, 811, 812, 813, 818, 842, 843, 844, 845, 846, 847, 848, 849, 850, 851, 852, 853, 854, 855, 856, 858, 859, 860, 861, 863, 864, 865, 866, 868, 869, 905, 908, 909, 910, 911, 912, 915, 919, 925, 931, 933, 951, 952, 954, 955, 969, 972, 987, 1002, 1011, 1017, 1018, 1019, 1020, 1021, 1028, 1029, 1030, 1031, 1035, 1037, 1043, 1044, 1045, 1052, 1053, 1054, 1055, 1056, 1057, 1058, 1059, 1060, 1064, 1067, 1068, 1069, 1070, 1071, 1072, 1073, 1074, 1075, 1076, 1078, 1079, 1080, 1081, 1082, 1083, 1084, 1085, 1086, 1087, 1094, 1096, 1101, 1102, 1103, 1111, 1116, 1122, 1124, 1128, 1129, 1138, 1139, 1146, 1147, 1181, 1182, 1183, 1199, 1202, 1203, 1220, 1225, 1226, 1232, 1235, 1238, 1239, 1243, 1244, 1245, 1247, 1248, 1249, 1250, 1263, 1267, 1271, 1280, 1281, 1282, 1284, 1285, 1286, 1288, 1289, 1290, 1292, 1296, 1297, 1311, 1315, 1330, 1331, 1349, 1350, 1375, 1407, 1409, 1467, 1469, 1470, 1479, 1481, 1485, 1492, 1493, 1497, 1498, 1500, 1501, 1510, 1516, 1521, 1525, 1528, 1533, 1538, 1560, 1561, 1562, 1564, 1569, 1570, 1571, 1572, 1573, 1582, 1585, 1586, 1595, 1596, 1597, 1598, 1600, 1602, 1606, 1607, 1608, 1609, 1610, 1611, 1612, 1613, 1614, 1615, 1616, 1617, 1618, 1623, 1624, 1626, 1627, 1628, 1629, 1631, 1632, 1633, 1641, 1643, 1644, 1645, 1646, 1647, 1648, 1652, 1653, 1654, 1655, 1660, 1661, 1662, 1663, 1664, 1665, 1666, 1668, 1670, 1694, 1695, 1696, 1697, 1698, 1703, 1705, 1706, 1709, 1710, 1727, 1730, 1743, 1748, 1764, 1768, 1773, 1791, 1800, 1809, 1811, 1826, 1829, 1858, 1860, 1881, 1891, 1899, 1900, 1907, 1910, 1911, 1912, 1913, 1914, 1915, 1918, 1919, 1920, 1921, 1922, 1924, 1925, 1926, 1927, 1928, 1931, 1932, 1950, 1955, 1956, 1962, 1963, 1973, 1974, 1982, 1983, 1990, 1991, 1992, 1993, 1994, 1995, 1996, 1997, 1999, 2000, 2002, 2003, 2004, 2005, 2007, 2009, 2010, 2011, 2012, 2013, 2014, 2015, 2016, 2017, 2019, 2020, 2021, 2022, 2023, 2024, 2025, 2026, 2030, 2031, 2032, 2033, 2034, 2035, 2036, 2037, 2039, 2040, 2041, 2042, 2044, 2045, 2046, 2047, 2048]
###########
Solution: 6
Time: 15.151000022888184
Objectives: [563.0 898766.0; 538.0 920286.0; 570.0 866666.0; 564.0 894313.0; 554.0 909667.0; 552.0 913542.0; 548.0 914514.0; 567.0 871079.0; 568.0 870160.0; 569.0 869605.0]
Centers: [184, 259, 805, 1074, 1199, 1244, 1479, 1648, 1710, 1899]
Points: [1, 2, 3, 4, 7, 8, 11, 12, 13, 14, 15, 16, 17, 18, 19, 20, 21, 22, 23, 24, 25, 26, 27, 28, 29, 30, 31, 32, 36, 38, 51, 63, 66, 67, 68, 69, 71, 72, 73, 74, 75, 76, 77, 79, 122, 123, 124, 125, 129, 130, 131, 137, 138, 139, 146, 148, 184, 185, 187, 188, 190, 191, 192, 193, 195, 196, 197, 198, 199, 200, 201, 202, 205, 207, 208, 209, 210, 211, 212, 214, 218, 219, 220, 221, 222, 224, 225, 226, 227, 229, 230, 232, 233, 234, 235, 236, 237, 238, 239, 240, 241, 244, 245, 246, 247, 252, 253, 254, 256, 258, 259, 260, 266, 267, 269, 273, 274, 275, 277, 310, 311, 312, 313, 314, 315, 316, 340, 341, 342, 344, 345, 346, 347, 348, 349, 350, 351, 352, 353, 354, 355, 356, 365, 366, 370, 371, 372, 373, 384, 386, 405, 406, 407, 408, 409, 422, 423, 427, 429, 430, 431, 446, 447, 448, 449, 468, 469, 470, 491, 494, 495, 496, 507, 510, 511, 512, 513, 514, 523, 524, 525, 526, 558, 559, 560, 561, 562, 563, 564, 565, 566, 567, 568, 569, 570, 571, 572, 606, 609, 611, 612, 663, 673, 674, 679, 743, 744, 745, 746, 747, 748, 749, 751, 752, 754, 760, 791, 792, 796, 797, 798, 799, 800, 801, 802, 803, 804, 805, 811, 812, 813, 818, 842, 843, 844, 845, 846, 847, 848, 849, 850, 851, 852, 853, 854, 855, 856, 858, 859, 861, 864, 905, 908, 909, 910, 911, 912, 915, 919, 925, 931, 933, 951, 952, 954, 955, 969, 972, 987, 1002, 1011, 1017, 1018, 1019, 1020, 1021, 1031, 1037, 1043, 1044, 1050, 1052, 1053, 1054, 1055, 1056, 1057, 1058, 1059, 1060, 1064, 1067, 1068, 1069, 1070, 1071, 1072, 1073, 1074, 1075, 1076, 1078, 1079, 1080, 1081, 1084, 1086, 1087, 1094, 1096, 1101, 1102, 1103, 1111, 1116, 1122, 1124, 1128, 1129, 1138, 1139, 1145, 1146, 1147, 1181, 1182, 1183, 1199, 1202, 1203, 1220, 1225, 1226, 1232, 1235, 1238, 1239, 1243, 1244, 1245, 1246, 1247, 1248, 1249, 1250, 1263, 1267, 1271, 1280, 1281, 1282, 1284, 1285, 1286, 1288, 1289, 1290, 1296, 1297, 1311, 1315, 1330, 1331, 1349, 1350, 1407, 1409, 1467, 1469, 1470, 1479, 1481, 1492, 1493, 1497, 1498, 1500, 1501, 1510, 1516, 1521, 1525, 1528, 1533, 1538, 1560, 1561, 1562, 1564, 1569, 1570, 1571, 1572, 1573, 1582, 1585, 1586, 1595, 1596, 1597, 1598, 1600, 1602, 1606, 1607, 1608, 1609, 1610, 1611, 1612, 1613, 1614, 1615, 1616, 1617, 1618, 1623, 1624, 1626, 1627, 1628, 1629, 1631, 1632, 1633, 1641, 1643, 1644, 1645, 1646, 1647, 1648, 1652, 1653, 1654, 1655, 1660, 1661, 1662, 1663, 1664, 1665, 1666, 1668, 1669, 1670, 1694, 1695, 1696, 1697, 1698, 1703, 1705, 1706, 1709, 1710, 1727, 1730, 1743, 1748, 1764, 1768, 1773, 1791, 1800, 1809, 1811, 1826, 1829, 1858, 1860, 1881, 1891, 1899, 1900, 1907, 1910, 1911, 1912, 1913, 1914, 1915, 1918, 1919, 1920, 1921, 1922, 1924, 1925, 1926, 1927, 1928, 1931, 1932, 1950, 1955, 1956, 1962, 1963, 1973, 1974, 1982, 1983, 1990, 1991, 1992, 1993, 1994, 1995, 1996, 1997, 1999, 2000, 2002, 2003, 2004, 2005, 2007, 2009, 2010, 2011, 2012, 2013, 2014, 2015, 2016, 2017, 2019, 2020, 2021, 2022, 2023, 2024, 2025, 2026, 2030, 2031, 2032, 2033, 2034, 2035, 2036, 2037, 2039, 2040, 2041, 2042, 2044, 2045, 2046, 2047, 2048]
###########
Solution: 7
Time: 15.151000022888184
Objectives: [563.0 898766.0; 538.0 920286.0; 570.0 866666.0; 564.0 894313.0; 554.0 909667.0; 552.0 913542.0; 548.0 914514.0; 567.0 871079.0; 568.0 870160.0; 569.0 869605.0]
Centers: [184, 259, 805, 1074, 1199, 1244, 1479, 1648, 1758, 1899]
Points: [1, 2, 3, 4, 7, 8, 11, 12, 13, 14, 15, 16, 17, 18, 19, 20, 21, 22, 23, 24, 25, 26, 27, 28, 29, 30, 31, 32, 36, 38, 51, 63, 66, 67, 68, 69, 71, 72, 73, 74, 75, 76, 77, 79, 122, 123, 124, 125, 129, 130, 131, 137, 138, 139, 146, 148, 184, 185, 187, 188, 190, 191, 192, 193, 195, 196, 197, 198, 199, 200, 201, 202, 205, 207, 208, 209, 210, 211, 212, 214, 218, 219, 220, 221, 222, 224, 225, 226, 227, 229, 230, 232, 233, 234, 235, 236, 237, 238, 239, 240, 241, 244, 245, 246, 247, 252, 253, 254, 256, 258, 259, 260, 266, 267, 272, 273, 274, 275, 277, 304, 309, 310, 311, 315, 340, 341, 342, 344, 345, 346, 347, 348, 349, 350, 351, 352, 353, 354, 355, 356, 365, 366, 370, 371, 372, 373, 384, 386, 405, 406, 407, 408, 409, 422, 427, 429, 430, 431, 446, 447, 448, 449, 468, 469, 470, 491, 494, 495, 496, 507, 510, 511, 512, 513, 514, 523, 524, 525, 526, 558, 559, 560, 561, 562, 563, 564, 565, 566, 567, 568, 569, 570, 571, 572, 609, 611, 612, 661, 673, 674, 743, 760, 791, 792, 796, 797, 798, 799, 800, 801, 802, 803, 804, 805, 811, 812, 813, 818, 842, 843, 844, 845, 846, 847, 848, 849, 850, 851, 852, 853, 854, 855, 856, 858, 859, 861, 864, 905, 908, 909, 910, 911, 912, 915, 919, 925, 931, 933, 951, 954, 955, 969, 972, 979, 985, 987, 1002, 1011, 1017, 1018, 1019, 1020, 1021, 1031, 1037, 1043, 1044, 1050, 1052, 1053, 1054, 1055, 1056, 1057, 1058, 1059, 1060, 1064, 1067, 1068, 1069, 1070, 1071, 1072, 1073, 1074, 1075, 1076, 1078, 1079, 1080, 1081, 1084, 1086, 1087, 1094, 1101, 1102, 1103, 1111, 1116, 1124, 1128, 1129, 1138, 1139, 1145, 1146, 1147, 1181, 1182, 1183, 1199, 1202, 1203, 1220, 1225, 1226, 1232, 1235, 1238, 1239, 1243, 1244, 1245, 1246, 1247, 1248, 1249, 1250, 1263, 1267, 1271, 1280, 1281, 1282, 1284, 1285, 1286, 1288, 1289, 1290, 1296, 1297, 1311, 1315, 1330, 1331, 1349, 1350, 1407, 1409, 1467, 1469, 1470, 1472, 1473, 1479, 1481, 1492, 1493, 1498, 1500, 1501, 1510, 1516, 1525, 1528, 1533, 1538, 1560, 1561, 1564, 1566, 1574, 1575, 1582, 1585, 1586, 1595, 1596, 1597, 1598, 1600, 1602, 1606, 1607, 1608, 1609, 1610, 1611, 1612, 1613, 1614, 1615, 1616, 1617, 1618, 1623, 1624, 1626, 1627, 1628, 1629, 1631, 1632, 1633, 1641, 1643, 1644, 1645, 1646, 1647, 1648, 1652, 1653, 1654, 1655, 1660, 1661, 1662, 1663, 1664, 1665, 1666, 1668, 1669, 1670, 1727, 1745, 1746, 1752, 1753, 1754, 1755, 1757, 1758, 1760, 1763, 1770, 1771, 1772, 1773, 1774, 1775, 1778, 1779, 1780, 1782, 1791, 1809, 1810, 1811, 1812, 1816, 1820, 1822, 1824, 1826, 1829, 1861, 1863, 1864, 1865, 1866, 1869, 1881, 1885, 1891, 1899, 1900, 1907, 1910, 1911, 1912, 1913, 1914, 1915, 1918, 1919, 1920, 1921, 1922, 1924, 1925, 1926, 1927, 1928, 1931, 1932, 1950, 1955, 1956, 1962, 1963, 1973, 1974, 1982, 1983, 1990, 1991, 1992, 1993, 1994, 1995, 1996, 1997, 1999, 2000, 2002, 2003, 2004, 2005, 2007, 2009, 2010, 2011, 2012, 2013, 2014, 2015, 2016, 2017, 2019, 2020, 2021, 2022, 2023, 2024, 2025, 2026, 2030, 2031, 2032, 2033, 2034, 2035, 2036, 2037, 2039, 2040, 2041, 2042, 2044, 2045, 2046, 2047, 2048]
###########
Solution: 8
Time: 15.151000022888184
Objectives: [563.0 898766.0; 538.0 920286.0; 570.0 866666.0; 564.0 894313.0; 554.0 909667.0; 552.0 913542.0; 548.0 914514.0; 567.0 871079.0; 568.0 870160.0; 569.0 869605.0]
Centers: [184, 259, 805, 1199, 1208, 1290, 1648, 1710, 1757, 1899]
Points: [7, 8, 11, 12, 13, 14, 21, 22, 36, 38, 51, 63, 66, 67, 68, 69, 77, 79, 90, 92, 93, 95, 122, 123, 124, 125, 129, 130, 131, 137, 138, 139, 146, 148, 184, 185, 187, 188, 190, 191, 192, 193, 195, 196, 197, 198, 199, 200, 201, 202, 205, 207, 208, 209, 210, 211, 212, 214, 218, 219, 220, 221, 222, 224, 225, 226, 227, 229, 230, 232, 233, 234, 235, 236, 237, 238, 239, 240, 241, 244, 245, 246, 247, 253, 254, 256, 258, 259, 260, 266, 267, 269, 272, 273, 274, 275, 277, 304, 309, 310, 311, 312, 313, 314, 315, 316, 334, 341, 345, 346, 347, 348, 349, 350, 351, 352, 353, 354, 355, 356, 365, 366, 370, 372, 375, 376, 384, 386, 405, 406, 407, 408, 409, 422, 423, 427, 429, 430, 431, 446, 447, 448, 449, 468, 469, 470, 494, 495, 496, 507, 510, 511, 512, 513, 514, 523, 524, 525, 526, 558, 559, 560, 561, 562, 563, 564, 565, 566, 567, 568, 569, 570, 571, 572, 606, 609, 612, 661, 663, 673, 674, 679, 739, 743, 744, 745, 746, 747, 748, 749, 751, 752, 754, 760, 791, 792, 796, 797, 798, 799, 800, 801, 802, 803, 804, 805, 811, 812, 813, 818, 843, 844, 845, 846, 847, 848, 849, 851, 852, 853, 854, 855, 856, 908, 909, 910, 911, 912, 915, 919, 925, 931, 932, 933, 951, 952, 954, 955, 969, 972, 985, 987, 1011, 1017, 1018, 1019, 1020, 1021, 1028, 1030, 1031, 1050, 1051, 1060, 1064, 1067, 1068, 1069, 1070, 1071, 1072, 1073, 1075, 1076, 1079, 1080, 1081, 1094, 1096, 1101, 1102, 1103, 1112, 1116, 1118, 1122, 1128, 1129, 1131, 1132, 1133, 1135, 1136, 1143, 1144, 1149, 1181, 1182, 1183, 1199, 1202, 1203, 1204, 1206, 1208, 1209, 1211, 1213, 1220, 1225, 1226, 1232, 1235, 1238, 1239, 1243, 1244, 1245, 1247, 1248, 1249, 1250, 1263, 1267, 1271, 1280, 1281, 1282, 1284, 1285, 1286, 1288, 1289, 1290, 1292, 1296, 1297, 1311, 1315, 1330, 1331, 1349, 1350, 1407, 1409, 1467, 1469, 1470, 1472, 1473, 1485, 1492, 1493, 1497, 1498, 1500, 1501, 1510, 1516, 1521, 1525, 1528, 1533, 1538, 1561, 1562, 1569, 1570, 1571, 1572, 1573, 1574, 1575, 1582, 1585, 1586, 1595, 1596, 1597, 1598, 1600, 1602, 1612, 1613, 1614, 1615, 1616, 1617, 1618, 1623, 1624, 1626, 1627, 1628, 1629, 1630, 1631, 1632, 1633, 1634, 1635, 1636, 1637, 1639, 1640, 1643, 1644, 1645, 1646, 1647, 1648, 1652, 1653, 1654, 1655, 1663, 1664, 1665, 1666, 1667, 1668, 1670, 1672, 1674, 1675, 1676, 1677, 1680, 1694, 1695, 1696, 1697, 1698, 1703, 1705, 1706, 1707, 1709, 1710, 1715, 1727, 1730, 1733, 1734, 1736, 1742, 1743, 1745, 1746, 1748, 1752, 1753, 1754, 1755, 1756, 1757, 1758, 1759, 1760, 1761, 1762, 1763, 1764, 1768, 1770, 1772, 1773, 1774, 1775, 1778, 1779, 1780, 1782, 1800, 1809, 1810, 1811, 1812, 1820, 1821, 1822, 1824, 1826, 1829, 1830, 1845, 1854, 1855, 1857, 1858, 1860, 1861, 1863, 1864, 1865, 1870, 1881, 1889, 1891, 1892, 1899, 1900, 1907, 1910, 1911, 1912, 1913, 1914, 1915, 1918, 1919, 1920, 1921, 1922, 1924, 1925, 1926, 1927, 1928, 1931, 1932, 1962, 1967, 1968, 1969, 1971, 1974, 1982, 1983, 1990, 1991, 1992, 1993, 1994, 1995, 1996, 1997, 1999, 2000, 2002, 2003, 2004, 2005, 2007, 2009, 2010, 2011, 2012, 2013, 2014, 2015, 2016, 2017, 2019, 2020, 2021, 2022, 2023, 2024, 2025, 2026, 2030, 2031, 2032, 2033, 2034, 2035, 2036, 2037, 2039, 2040, 2041, 2042, 2044, 2045, 2047, 2048]
###########
Solution: 9
Time: 15.151000022888184
Objectives: [563.0 898766.0; 538.0 920286.0; 570.0 866666.0; 564.0 894313.0; 554.0 909667.0; 552.0 913542.0; 548.0 914514.0; 567.0 871079.0; 568.0 870160.0; 569.0 869605.0]
Centers: [184, 259, 805, 1143, 1199, 1290, 1648, 1710, 1757, 1899]
Points: [7, 8, 11, 12, 13, 14, 21, 22, 36, 38, 51, 63, 66, 67, 68, 69, 77, 79, 88, 90, 91, 92, 93, 122, 123, 124, 125, 129, 130, 131, 137, 138, 139, 146, 148, 184, 185, 187, 188, 190, 191, 192, 193, 195, 196, 197, 198, 199, 200, 201, 202, 205, 207, 208, 209, 210, 211, 212, 214, 218, 219, 220, 221, 222, 224, 225, 226, 227, 229, 230, 232, 233, 234, 235, 236, 237, 238, 239, 240, 241, 244, 245, 246, 247, 253, 254, 256, 258, 259, 260, 266, 267, 269, 272, 273, 274, 275, 277, 304, 309, 310, 311, 312, 313, 314, 315, 316, 334, 341, 345, 346, 347, 348, 349, 350, 351, 352, 353, 354, 355, 356, 365, 366, 370, 372, 374, 375, 376, 384, 386, 405, 406, 407, 408, 409, 422, 423, 427, 429, 430, 431, 446, 447, 448, 449, 468, 469, 470, 494, 495, 496, 507, 510, 511, 512, 513, 514, 523, 524, 525, 526, 558, 559, 560, 561, 562, 563, 564, 565, 566, 567, 568, 569, 570, 571, 572, 606, 609, 612, 661, 663, 673, 674, 679, 739, 743, 744, 745, 746, 747, 748, 749, 751, 752, 754, 760, 791, 792, 796, 797, 798, 799, 800, 801, 802, 803, 804, 805, 811, 812, 813, 818, 843, 844, 845, 846, 847, 848, 849, 851, 852, 853, 854, 855, 856, 908, 909, 910, 911, 912, 915, 919, 925, 931, 932, 933, 951, 952, 954, 955, 969, 972, 985, 987, 1011, 1017, 1018, 1019, 1020, 1021, 1028, 1030, 1031, 1050, 1051, 1060, 1064, 1067, 1068, 1069, 1070, 1071, 1072, 1073, 1075, 1076, 1079, 1080, 1081, 1094, 1096, 1101, 1102, 1103, 1112, 1116, 1118, 1122, 1128, 1129, 1131, 1135, 1136, 1143, 1144, 1181, 1182, 1183, 1199, 1202, 1203, 1204, 1208, 1209, 1211, 1213, 1214, 1215, 1217, 1220, 1225, 1226, 1232, 1235, 1238, 1239, 1243, 1244, 1245, 1247, 1248, 1249, 1250, 1263, 1267, 1271, 1280, 1281, 1282, 1284, 1285, 1286, 1288, 1289, 1290, 1292, 1296, 1297, 1311, 1315, 1330, 1331, 1349, 1350, 1407, 1409, 1467, 1469, 1470, 1472, 1473, 1485, 1492, 1493, 1497, 1498, 1500, 1501, 1502, 1510, 1516, 1521, 1525, 1528, 1533, 1538, 1561, 1562, 1569, 1570, 1571, 1572, 1573, 1574, 1575, 1582, 1585, 1586, 1595, 1596, 1597, 1598, 1600, 1602, 1612, 1613, 1614, 1615, 1616, 1617, 1618, 1623, 1624, 1626, 1627, 1628, 1629, 1630, 1631, 1632, 1633, 1634, 1635, 1636, 1640, 1643, 1644, 1645, 1646, 1647, 1648, 1652, 1653, 1654, 1655, 1663, 1664, 1665, 1666, 1667, 1668, 1670, 1672, 1674, 1675, 1676, 1677, 1680, 1682, 1684, 1694, 1695, 1696, 1697, 1698, 1703, 1705, 1706, 1707, 1709, 1710, 1715, 1727, 1730, 1733, 1734, 1736, 1742, 1743, 1745, 1746, 1748, 1752, 1753, 1754, 1755, 1756, 1757, 1758, 1759, 1760, 1761, 1762, 1763, 1764, 1768, 1770, 1772, 1773, 1774, 1775, 1778, 1779, 1780, 1782, 1800, 1809, 1810, 1811, 1812, 1820, 1821, 1822, 1824, 1826, 1829, 1845, 1854, 1855, 1857, 1858, 1860, 1861, 1863, 1864, 1865, 1870, 1881, 1889, 1891, 1892, 1899, 1900, 1907, 1910, 1911, 1912, 1913, 1914, 1915, 1918, 1919, 1920, 1921, 1922, 1924, 1925, 1926, 1927, 1928, 1931, 1932, 1962, 1967, 1968, 1969, 1971, 1974, 1982, 1983, 1990, 1991, 1992, 1993, 1994, 1995, 1996, 1997, 1999, 2000, 2002, 2003, 2004, 2005, 2007, 2009, 2010, 2011, 2012, 2013, 2014, 2015, 2016, 2017, 2019, 2020, 2021, 2022, 2023, 2024, 2025, 2026, 2030, 2031, 2032, 2033, 2034, 2035, 2036, 2037, 2039, 2040, 2041, 2042, 2044, 2045, 2047, 2048]
###########
Solution: 10
Time: 15.151000022888184
Objectives: [563.0 898766.0; 538.0 920286.0; 570.0 866666.0; 564.0 894313.0; 554.0 909667.0; 552.0 913542.0; 548.0 914514.0; 567.0 871079.0; 568.0 870160.0; 569.0 869605.0]
Centers: [184, 259, 376, 805, 1199, 1290, 1648, 1710, 1757, 1899]
Points: [7, 8, 11, 12, 13, 14, 21, 22, 33, 35, 36, 38, 51, 63, 66, 67, 68, 69, 77, 79, 88, 89, 90, 91, 92, 93, 122, 123, 124, 125, 129, 130, 131, 137, 138, 139, 146, 148, 184, 185, 187, 188, 190, 191, 192, 193, 195, 196, 197, 198, 199, 200, 201, 202, 205, 207, 208, 209, 210, 211, 212, 214, 218, 219, 220, 221, 222, 224, 225, 226, 227, 229, 230, 232, 233, 234, 235, 236, 237, 238, 239, 240, 241, 244, 245, 246, 247, 253, 254, 256, 258, 259, 260, 266, 267, 269, 272, 273, 274, 275, 277, 304, 309, 310, 311, 312, 313, 314, 315, 316, 334, 341, 345, 346, 347, 348, 349, 350, 351, 352, 353, 354, 355, 356, 365, 366, 370, 372, 374, 376, 384, 386, 405, 406, 407, 408, 409, 422, 423, 427, 429, 430, 431, 446, 447, 448, 449, 468, 469, 470, 494, 495, 496, 507, 510, 511, 512, 513, 514, 523, 524, 525, 526, 558, 559, 560, 561, 562, 563, 564, 565, 566, 567, 568, 569, 570, 571, 572, 606, 609, 612, 661, 663, 673, 674, 679, 739, 743, 744, 745, 746, 747, 748, 749, 751, 752, 754, 760, 791, 792, 796, 797, 798, 799, 800, 801, 802, 803, 804, 805, 811, 812, 813, 818, 843, 844, 845, 846, 847, 848, 849, 851, 852, 853, 854, 855, 856, 908, 909, 910, 911, 912, 914, 915, 919, 925, 931, 932, 933, 951, 952, 954, 955, 969, 972, 985, 987, 1011, 1017, 1018, 1019, 1020, 1021, 1028, 1030, 1031, 1050, 1051, 1060, 1064, 1067, 1068, 1069, 1070, 1071, 1072, 1073, 1075, 1076, 1079, 1080, 1081, 1094, 1096, 1101, 1102, 1103, 1112, 1116, 1118, 1122, 1128, 1129, 1135, 1136, 1143, 1144, 1181, 1182, 1183, 1199, 1202, 1203, 1204, 1208, 1210, 1213, 1214, 1215, 1216, 1217, 1220, 1225, 1226, 1232, 1235, 1238, 1239, 1243, 1244, 1245, 1247, 1248, 1249, 1250, 1252, 1256, 1263, 1267, 1271, 1280, 1281, 1282, 1284, 1285, 1286, 1288, 1289, 1290, 1292, 1296, 1297, 1311, 1315, 1330, 1331, 1349, 1350, 1407, 1409, 1467, 1469, 1470, 1472, 1473, 1485, 1492, 1493, 1497, 1498, 1500, 1501, 1510, 1516, 1521, 1525, 1528, 1533, 1538, 1561, 1562, 1569, 1570, 1571, 1572, 1573, 1574, 1575, 1582, 1585, 1586, 1595, 1596, 1597, 1598, 1600, 1602, 1612, 1613, 1614, 1615, 1616, 1617, 1618, 1623, 1624, 1626, 1627, 1628, 1629, 1631, 1632, 1633, 1634, 1635, 1640, 1643, 1644, 1645, 1646, 1647, 1648, 1652, 1653, 1654, 1655, 1663, 1664, 1665, 1666, 1667, 1668, 1670, 1672, 1674, 1675, 1677, 1680, 1681, 1682, 1683, 1684, 1694, 1695, 1696, 1697, 1698, 1703, 1705, 1706, 1707, 1709, 1710, 1715, 1727, 1730, 1733, 1734, 1736, 1742, 1743, 1745, 1746, 1748, 1752, 1753, 1754, 1755, 1756, 1757, 1758, 1759, 1760, 1761, 1762, 1763, 1764, 1768, 1770, 1772, 1773, 1774, 1775, 1778, 1779, 1780, 1782, 1800, 1809, 1810, 1811, 1812, 1820, 1821, 1822, 1824, 1826, 1829, 1845, 1854, 1855, 1857, 1858, 1860, 1861, 1863, 1864, 1865, 1870, 1881, 1889, 1891, 1892, 1899, 1900, 1907, 1910, 1911, 1912, 1913, 1914, 1915, 1918, 1919, 1920, 1921, 1922, 1924, 1925, 1926, 1927, 1928, 1931, 1932, 1962, 1968, 1969, 1971, 1974, 1982, 1983, 1990, 1991, 1992, 1993, 1994, 1995, 1996, 1997, 1999, 2000, 2002, 2003, 2004, 2005, 2007, 2009, 2010, 2011, 2012, 2013, 2014, 2015, 2016, 2017, 2019, 2020, 2021, 2022, 2023, 2024, 2025, 2026, 2030, 2031, 2032, 2033, 2034, 2035, 2036, 2037, 2039, 2040, 2041, 2042, 2044, 2045, 2047, 2048]
