###########
Solution: 1
Time: 32.531999826431274
Objectives: [962.0 1.550907e6; 953.0 1.558539e6; 966.0 1.548153e6; 963.0 1.550301e6; 959.0 1.555357e6; 957.0 1.555736e6; 960.0 1.553588e6; 954.0000028774446 1.558432998259024e6; 961.0 1.551684e6; 965.0 1.549922e6; 954.0 1.558433e6]
Centers: [184, 345, 376, 433, 617, 805, 873, 1024, 1074, 1091, 1199, 1219, 1266, 1479, 1519, 1626, 1648, 1710, 1757, 1899]
Points: [1, 2, 3, 4, 7, 8, 11, 12, 13, 14, 15, 16, 17, 18, 19, 20, 22, 23, 24, 25, 26, 27, 28, 29, 30, 31, 32, 33, 34, 35, 36, 37, 38, 45, 46, 51, 63, 66, 69, 71, 72, 73, 74, 75, 76, 77, 78, 79, 80, 81, 82, 86, 87, 88, 89, 90, 91, 92, 93, 95, 97, 101, 111, 112, 121, 122, 123, 124, 125, 129, 130, 131, 132, 133, 137, 138, 139, 144, 146, 148, 184, 185, 187, 188, 190, 191, 192, 193, 195, 196, 197, 198, 199, 200, 201, 202, 205, 207, 208, 209, 210, 211, 212, 214, 218, 219, 220, 221, 222, 224, 225, 226, 227, 229, 230, 232, 233, 234, 235, 236, 237, 238, 239, 240, 241, 244, 245, 246, 247, 250, 251, 252, 253, 254, 255, 256, 257, 258, 259, 260, 266, 267, 268, 269, 272, 273, 274, 275, 277, 298, 299, 300, 302, 303, 304, 309, 310, 311, 312, 313, 314, 315, 316, 319, 321, 322, 324, 325, 326, 327, 328, 329, 330, 334, 338, 339, 340, 341, 342, 343, 345, 346, 347, 349, 350, 351, 352, 353, 354, 355, 356, 361, 365, 366, 367, 368, 370, 371, 372, 373, 374, 376, 377, 380, 381, 384, 386, 388, 389, 390, 391, 392, 393, 394, 405, 406, 407, 408, 409, 410, 411, 412, 413, 414, 415, 416, 417, 419, 420, 422, 423, 424, 425, 427, 429, 430, 431, 432, 433, 434, 435, 436, 437, 438, 439, 440, 441, 442, 443, 445, 446, 447, 448, 449, 451, 452, 462, 466, 467, 468, 469, 470, 475, 476, 477, 491, 493, 494, 495, 496, 497, 500, 503, 507, 508, 510, 511, 512, 513, 514, 521, 522, 523, 524, 525, 526, 529, 530, 531, 532, 533, 536, 537, 558, 559, 560, 561, 562, 563, 564, 565, 566, 567, 568, 569, 570, 571, 572, 606, 609, 611, 612, 617, 618, 619, 620, 621, 622, 649, 661, 663, 664, 665, 666, 667, 668, 669, 670, 673, 674, 677, 678, 679, 680, 691, 692, 693, 694, 708, 709, 710, 721, 728, 739, 743, 744, 745, 746, 747, 748, 749, 751, 752, 754, 755, 756, 760, 761, 770, 784, 785, 786, 787, 788, 789, 791, 792, 796, 797, 798, 799, 800, 801, 802, 803, 804, 805, 809, 811, 812, 813, 818, 826, 827, 839, 840, 841, 842, 843, 844, 845, 846, 847, 848, 849, 850, 851, 852, 853, 854, 855, 856, 858, 859, 860, 861, 863, 864, 866, 867, 870, 871, 873, 874, 875, 876, 877, 878, 879, 880, 881, 882, 886, 890, 891, 892, 893, 896, 897, 898, 899, 900, 904, 905, 907, 908, 909, 910, 911, 912, 914, 915, 919, 925, 931, 932, 933, 949, 951, 952, 954, 955, 966, 968, 969, 972, 976, 977, 981, 985, 987, 1002, 1011, 1017, 1018, 1019, 1020, 1021, 1022, 1023, 1024, 1025, 1026, 1027, 1028, 1029, 1030, 1031, 1035, 1037, 1040, 1043, 1044, 1045, 1046, 1047, 1048, 1049, 1050, 1051, 1052, 1053, 1054, 1055, 1056, 1057, 1058, 1059, 1060, 1064, 1067, 1068, 1069, 1070, 1071, 1072, 1073, 1074, 1075, 1076, 1077, 1078, 1079, 1080, 1081, 1082, 1083, 1084, 1085, 1086, 1087, 1088, 1089, 1090, 1091, 1092, 1093, 1094, 1096, 1098, 1101, 1102, 1103, 1108, 1109, 1111, 1112, 1116, 1118, 1122, 1124, 1125, 1126, 1127, 1128, 1129, 1130, 1131, 1132, 1133, 1134, 1135, 1136, 1138, 1139, 1143, 1144, 1145, 1146, 1147, 1152, 1153, 1158, 1159, 1160, 1161, 1162, 1169, 1181, 1182, 1183, 1192, 1199, 1202, 1203, 1204, 1208, 1210, 1213, 1214, 1215, 1216, 1217, 1218, 1219, 1220, 1221, 1222, 1224, 1225, 1226, 1227, 1228, 1229, 1232, 1235, 1238, 1239, 1243, 1244, 1245, 1246, 1247, 1248, 1249, 1250, 1252, 1256, 1263, 1264, 1265, 1266, 1267, 1268, 1269, 1270, 1271, 1280, 1281, 1282, 1284, 1285, 1286, 1288, 1289, 1290, 1292, 1293, 1296, 1297, 1298, 1299, 1300, 1301, 1302, 1311, 1315, 1317, 1318, 1319, 1330, 1331, 1349, 1350, 1352, 1353, 1354, 1355, 1356, 1357, 1358, 1359, 1360, 1361, 1369, 1370, 1372, 1373, 1374, 1378, 1405, 1407, 1409, 1411, 1453, 1455, 1456, 1464, 1467, 1469, 1470, 1472, 1473, 1475, 1477, 1479, 1481, 1484, 1485, 1487, 1488, 1492, 1493, 1497, 1498, 1500, 1501, 1507, 1509, 1510, 1516, 1519, 1521, 1523, 1525, 1528, 1529, 1533, 1538, 1539, 1549, 1553, 1560, 1561, 1562, 1563, 1564, 1567, 1569, 1570, 1571, 1572, 1573, 1574, 1575, 1578, 1579, 1581, 1582, 1583, 1585, 1586, 1595, 1596, 1597, 1598, 1600, 1602, 1605, 1606, 1607, 1608, 1609, 1610, 1611, 1612, 1613, 1614, 1615, 1616, 1617, 1618, 1620, 1623, 1624, 1625, 1626, 1627, 1628, 1629, 1630, 1631, 1632, 1633, 1634, 1635, 1636, 1637, 1638, 1640, 1641, 1642, 1643, 1644, 1645, 1646, 1647, 1648, 1649, 1651, 1652, 1653, 1654, 1655, 1660, 1661, 1662, 1663, 1664, 1665, 1666, 1667, 1668, 1669, 1670, 1672, 1674, 1675, 1677, 1680, 1681, 1682, 1683, 1684, 1694, 1695, 1696, 1697, 1698, 1699, 1703, 1705, 1706, 1707, 1709, 1710, 1715, 1719, 1723, 1727, 1730, 1733, 1734, 1736, 1742, 1743, 1745, 1746, 1748, 1752, 1753, 1754, 1755, 1756, 1757, 1758, 1759, 1760, 1761, 1762, 1763, 1764, 1765, 1766, 1767, 1768, 1770, 1772, 1773, 1774, 1775, 1778, 1779, 1780, 1782, 1783, 1784, 1791, 1792, 1800, 1806, 1809, 1810, 1811, 1812, 1820, 1821, 1822, 1824, 1826, 1829, 1837, 1839, 1840, 1845, 1854, 1855, 1857, 1858, 1860, 1861, 1863, 1864, 1865, 1870, 1881, 1889, 1891, 1892, 1899, 1900, 1907, 1910, 1911, 1912, 1913, 1914, 1915, 1918, 1919, 1920, 1921, 1922, 1924, 1925, 1926, 1927, 1928, 1931, 1932, 1950, 1955, 1956, 1962, 1963, 1967, 1968, 1969, 1971, 1973, 1974, 1982, 1983, 1990, 1991, 1992, 1993, 1994, 1995, 1996, 1997, 1999, 2000, 2002, 2003, 2004, 2005, 2007, 2009, 2010, 2011, 2012, 2013, 2014, 2015, 2016, 2017, 2019, 2020, 2021, 2022, 2023, 2024, 2025, 2026, 2030, 2031, 2032, 2033, 2034, 2035, 2036, 2037, 2039, 2040, 2041, 2042, 2044, 2045, 2046, 2047, 2048]
###########
Solution: 2
Time: 32.531999826431274
Objectives: [962.0 1.550907e6; 953.0 1.558539e6; 966.0 1.548153e6; 963.0 1.550301e6; 959.0 1.555357e6; 957.0 1.555736e6; 960.0 1.553588e6; 954.0000028774446 1.558432998259024e6; 961.0 1.551684e6; 965.0 1.549922e6; 954.0 1.558433e6]
Centers: [184, 211, 433, 805, 849, 873, 897, 949, 968, 972, 1024, 1144, 1147, 1199, 1303, 1479, 1519, 1647, 1710, 1757]
Points: [1, 2, 3, 4, 7, 8, 9, 10, 11, 12, 13, 15, 16, 17, 18, 19, 20, 23, 24, 25, 26, 27, 28, 29, 30, 31, 32, 35, 36, 37, 38, 45, 46, 51, 52, 53, 54, 55, 56, 57, 58, 63, 66, 68, 69, 70, 71, 72, 73, 74, 75, 76, 77, 78, 79, 82, 85, 86, 87, 88, 89, 90, 91, 92, 93, 94, 95, 97, 100, 101, 107, 108, 109, 110, 113, 114, 118, 119, 121, 122, 123, 124, 125, 129, 130, 131, 132, 133, 137, 138, 139, 144, 145, 146, 148, 184, 185, 187, 188, 190, 191, 192, 193, 195, 196, 197, 198, 199, 200, 201, 202, 205, 207, 209, 210, 211, 212, 214, 218, 219, 220, 221, 222, 223, 224, 225, 226, 227, 229, 230, 232, 233, 235, 236, 238, 239, 240, 241, 244, 245, 246, 247, 251, 253, 254, 255, 256, 257, 258, 259, 260, 266, 267, 268, 269, 272, 273, 274, 275, 277, 304, 309, 310, 311, 312, 313, 314, 315, 316, 319, 321, 322, 324, 325, 326, 327, 328, 329, 330, 334, 338, 339, 340, 341, 342, 343, 344, 345, 346, 347, 349, 350, 351, 352, 353, 354, 355, 356, 361, 365, 366, 367, 368, 370, 371, 373, 374, 376, 377, 380, 381, 384, 386, 388, 389, 390, 391, 392, 393, 394, 405, 406, 407, 408, 409, 410, 411, 412, 413, 414, 415, 416, 417, 419, 420, 422, 423, 425, 427, 429, 430, 431, 432, 433, 434, 435, 436, 437, 438, 439, 440, 441, 442, 443, 445, 446, 447, 448, 449, 451, 452, 462, 466, 467, 468, 469, 470, 475, 476, 477, 491, 494, 495, 496, 500, 503, 507, 508, 510, 511, 512, 513, 514, 521, 522, 523, 524, 525, 526, 529, 530, 531, 532, 533, 536, 537, 558, 559, 560, 561, 562, 563, 564, 565, 566, 567, 568, 569, 570, 571, 572, 606, 607, 609, 611, 649, 661, 663, 664, 665, 666, 667, 668, 669, 670, 673, 674, 677, 678, 679, 680, 721, 728, 739, 743, 744, 745, 746, 747, 748, 749, 751, 752, 754, 755, 760, 791, 792, 796, 797, 798, 799, 800, 801, 802, 803, 804, 805, 809, 811, 812, 813, 818, 825, 826, 827, 828, 839, 840, 841, 842, 843, 844, 845, 846, 847, 848, 849, 850, 851, 852, 853, 854, 855, 856, 858, 859, 860, 861, 862, 863, 867, 869, 870, 871, 873, 874, 875, 876, 878, 879, 880, 881, 882, 886, 890, 891, 892, 893, 896, 897, 898, 899, 900, 901, 905, 907, 908, 909, 910, 911, 912, 914, 915, 919, 925, 928, 931, 932, 933, 939, 949, 951, 952, 954, 955, 966, 968, 969, 972, 981, 985, 987, 1000, 1002, 1011, 1017, 1018, 1019, 1020, 1021, 1022, 1023, 1024, 1025, 1026, 1027, 1028, 1029, 1030, 1031, 1035, 1037, 1040, 1041, 1043, 1044, 1045, 1046, 1047, 1048, 1049, 1050, 1051, 1052, 1053, 1054, 1055, 1056, 1057, 1058, 1059, 1060, 1064, 1067, 1068, 1069, 1070, 1071, 1072, 1073, 1074, 1075, 1076, 1077, 1078, 1079, 1080, 1081, 1082, 1083, 1084, 1086, 1087, 1088, 1089, 1090, 1091, 1092, 1093, 1096, 1098, 1101, 1102, 1103, 1108, 1109, 1111, 1112, 1116, 1122, 1124, 1125, 1126, 1127, 1128, 1131, 1132, 1133, 1134, 1135, 1136, 1138, 1139, 1140, 1143, 1144, 1145, 1146, 1147, 1152, 1153, 1158, 1159, 1160, 1161, 1169, 1170, 1171, 1172, 1176, 1177, 1178, 1179, 1180, 1181, 1182, 1183, 1192, 1199, 1202, 1203, 1204, 1208, 1209, 1213, 1214, 1215, 1216, 1217, 1218, 1219, 1220, 1221, 1222, 1223, 1224, 1225, 1226, 1227, 1229, 1232, 1234, 1235, 1238, 1239, 1243, 1244, 1245, 1246, 1247, 1248, 1249, 1250, 1252, 1263, 1264, 1265, 1266, 1267, 1269, 1270, 1271, 1272, 1273, 1274, 1275, 1281, 1282, 1284, 1285, 1286, 1288, 1289, 1290, 1292, 1293, 1296, 1297, 1298, 1299, 1300, 1301, 1302, 1303, 1306, 1307, 1308, 1309, 1310, 1311, 1315, 1316, 1317, 1318, 1319, 1320, 1321, 1322, 1325, 1328, 1329, 1330, 1331, 1349, 1350, 1352, 1353, 1354, 1355, 1356, 1357, 1358, 1359, 1360, 1361, 1373, 1374, 1407, 1409, 1411, 1464, 1467, 1469, 1470, 1472, 1473, 1477, 1479, 1481, 1485, 1487, 1493, 1497, 1498, 1499, 1500, 1501, 1502, 1507, 1509, 1510, 1516, 1518, 1519, 1521, 1523, 1525, 1527, 1528, 1529, 1533, 1538, 1539, 1541, 1560, 1561, 1562, 1563, 1564, 1567, 1569, 1570, 1571, 1572, 1573, 1574, 1575, 1581, 1582, 1583, 1585, 1586, 1595, 1596, 1597, 1598, 1600, 1602, 1605, 1606, 1607, 1608, 1609, 1610, 1611, 1612, 1613, 1614, 1615, 1616, 1617, 1618, 1619, 1620, 1622, 1623, 1624, 1625, 1626, 1627, 1628, 1629, 1630, 1631, 1632, 1633, 1634, 1635, 1636, 1637, 1638, 1640, 1641, 1642, 1643, 1644, 1645, 1646, 1647, 1648, 1651, 1652, 1653, 1654, 1655, 1656, 1658, 1660, 1661, 1662, 1663, 1664, 1665, 1666, 1667, 1668, 1669, 1670, 1672, 1673, 1674, 1675, 1676, 1677, 1678, 1680, 1681, 1682, 1683, 1684, 1686, 1694, 1695, 1696, 1697, 1698, 1703, 1705, 1706, 1707, 1709, 1710, 1715, 1716, 1719, 1727, 1728, 1730, 1733, 1734, 1736, 1742, 1743, 1745, 1746, 1748, 1752, 1753, 1754, 1755, 1756, 1757, 1758, 1759, 1760, 1761, 1762, 1763, 1764, 1765, 1766, 1767, 1768, 1770, 1772, 1773, 1774, 1775, 1778, 1779, 1780, 1782, 1783, 1791, 1800, 1809, 1810, 1811, 1812, 1820, 1821, 1822, 1824, 1826, 1829, 1837, 1838, 1839, 1840, 1845, 1854, 1855, 1857, 1858, 1860, 1861, 1863, 1864, 1865, 1870, 1881, 1889, 1899, 1900, 1910, 1911, 1912, 1913, 1914, 1915, 1917, 1918, 1919, 1920, 1921, 1922, 1924, 1925, 1926, 1928, 1931, 1932, 1945, 1950, 1955, 1956, 1962, 1963, 1967, 1968, 1971, 1973, 1974, 1982, 1983, 1990, 1991, 1992, 1993, 1994, 1995, 1997, 1999, 2000, 2002, 2003, 2004, 2005, 2007, 2009, 2010, 2011, 2013, 2014, 2015, 2016, 2017, 2019, 2020, 2021, 2022, 2023, 2024, 2025, 2026, 2030, 2031, 2032, 2033, 2034, 2035, 2036, 2037, 2039, 2040, 2041, 2042, 2044, 2045, 2046, 2047, 2048]
###########
Solution: 3
Time: 32.531999826431274
Objectives: [962.0 1.550907e6; 953.0 1.558539e6; 966.0 1.548153e6; 963.0 1.550301e6; 959.0 1.555357e6; 957.0 1.555736e6; 960.0 1.553588e6; 954.0000028774446 1.558432998259024e6; 961.0 1.551684e6; 965.0 1.549922e6; 954.0 1.558433e6]
Centers: [184, 259, 345, 376, 433, 789, 805, 873, 1024, 1074, 1091, 1199, 1219, 1479, 1519, 1605, 1648, 1710, 1757, 1899]
Points: [1, 2, 3, 4, 7, 8, 11, 12, 13, 14, 15, 16, 17, 18, 19, 20, 21, 22, 23, 24, 25, 26, 27, 28, 29, 30, 31, 32, 33, 35, 36, 38, 45, 46, 51, 63, 66, 67, 68, 69, 71, 72, 73, 74, 75, 76, 77, 78, 79, 81, 82, 86, 87, 88, 89, 90, 91, 92, 93, 95, 97, 101, 109, 110, 111, 112, 113, 121, 122, 123, 124, 125, 129, 130, 131, 132, 133, 137, 138, 139, 144, 146, 148, 184, 185, 187, 188, 190, 191, 192, 193, 195, 196, 197, 198, 199, 200, 201, 202, 205, 207, 208, 209, 210, 211, 212, 214, 218, 219, 220, 221, 222, 224, 225, 226, 227, 229, 230, 232, 233, 234, 235, 236, 237, 238, 239, 240, 241, 244, 245, 246, 247, 252, 253, 254, 255, 256, 257, 258, 259, 260, 266, 267, 268, 269, 272, 273, 274, 275, 277, 289, 290, 298, 300, 304, 309, 310, 311, 312, 313, 314, 315, 316, 319, 321, 322, 324, 325, 326, 327, 328, 329, 330, 334, 338, 339, 340, 341, 342, 343, 345, 346, 347, 349, 350, 351, 352, 353, 354, 355, 356, 361, 365, 366, 367, 368, 370, 371, 372, 373, 374, 376, 377, 380, 381, 384, 386, 388, 389, 390, 391, 392, 393, 394, 405, 406, 407, 408, 409, 410, 411, 412, 413, 414, 415, 416, 417, 419, 420, 422, 423, 424, 425, 427, 429, 430, 431, 432, 433, 434, 435, 436, 437, 438, 439, 440, 441, 442, 443, 445, 446, 447, 448, 449, 451, 452, 462, 466, 467, 468, 469, 470, 475, 476, 477, 489, 491, 493, 494, 495, 496, 497, 500, 503, 507, 508, 510, 511, 512, 513, 514, 521, 522, 523, 524, 525, 526, 529, 530, 531, 532, 533, 536, 537, 558, 559, 560, 561, 562, 563, 564, 565, 566, 567, 568, 569, 570, 571, 572, 606, 609, 611, 612, 617, 618, 619, 620, 621, 622, 645, 649, 661, 663, 664, 665, 666, 667, 668, 669, 670, 673, 674, 677, 678, 679, 680, 691, 692, 693, 694, 708, 709, 710, 711, 712, 721, 728, 739, 743, 744, 745, 746, 747, 748, 749, 751, 752, 754, 755, 756, 760, 761, 766, 770, 772, 776, 784, 785, 786, 787, 788, 789, 791, 792, 796, 797, 798, 799, 800, 801, 802, 803, 804, 805, 809, 811, 812, 813, 818, 826, 827, 839, 840, 841, 842, 843, 844, 845, 846, 847, 848, 849, 850, 851, 852, 853, 854, 855, 856, 858, 859, 860, 861, 863, 864, 866, 867, 870, 871, 873, 874, 875, 876, 877, 878, 879, 880, 881, 882, 886, 890, 891, 892, 893, 896, 897, 898, 899, 900, 904, 905, 907, 908, 909, 910, 911, 912, 914, 915, 919, 925, 931, 932, 933, 943, 949, 951, 952, 954, 955, 966, 968, 969, 972, 976, 977, 981, 985, 987, 1002, 1011, 1017, 1018, 1019, 1020, 1021, 1022, 1023, 1024, 1025, 1026, 1027, 1028, 1029, 1030, 1031, 1035, 1037, 1040, 1043, 1044, 1045, 1046, 1047, 1048, 1049, 1050, 1051, 1052, 1053, 1054, 1055, 1056, 1057, 1058, 1059, 1060, 1064, 1067, 1068, 1069, 1070, 1071, 1072, 1073, 1074, 1075, 1076, 1077, 1078, 1079, 1080, 1081, 1082, 1083, 1084, 1085, 1086, 1087, 1088, 1089, 1090, 1091, 1092, 1093, 1094, 1096, 1098, 1101, 1102, 1103, 1108, 1109, 1111, 1112, 1116, 1118, 1122, 1124, 1125, 1126, 1127, 1128, 1129, 1131, 1132, 1133, 1134, 1135, 1136, 1138, 1139, 1143, 1144, 1145, 1146, 1147, 1152, 1153, 1158, 1159, 1160, 1161, 1162, 1164, 1169, 1170, 1181, 1182, 1183, 1192, 1199, 1202, 1203, 1204, 1208, 1210, 1213, 1214, 1215, 1216, 1217, 1218, 1219, 1220, 1221, 1222, 1224, 1225, 1226, 1228, 1229, 1232, 1235, 1238, 1239, 1243, 1244, 1245, 1246, 1247, 1248, 1249, 1250, 1252, 1256, 1263, 1264, 1265, 1266, 1267, 1268, 1269, 1270, 1271, 1273, 1280, 1281, 1282, 1284, 1285, 1286, 1288, 1289, 1290, 1292, 1293, 1296, 1297, 1298, 1299, 1300, 1301, 1302, 1311, 1315, 1317, 1318, 1319, 1320, 1321, 1322, 1323, 1330, 1331, 1349, 1350, 1352, 1353, 1354, 1355, 1356, 1357, 1358, 1359, 1360, 1361, 1369, 1370, 1372, 1373, 1374, 1378, 1405, 1407, 1409, 1411, 1412, 1464, 1467, 1469, 1470, 1472, 1473, 1477, 1479, 1481, 1484, 1485, 1487, 1488, 1492, 1493, 1497, 1498, 1500, 1501, 1507, 1509, 1510, 1516, 1519, 1521, 1523, 1525, 1528, 1529, 1533, 1538, 1539, 1560, 1561, 1562, 1563, 1564, 1567, 1569, 1570, 1571, 1572, 1573, 1574, 1575, 1578, 1579, 1581, 1582, 1583, 1585, 1586, 1595, 1596, 1597, 1598, 1600, 1602, 1605, 1606, 1607, 1608, 1609, 1610, 1611, 1612, 1613, 1614, 1615, 1616, 1617, 1618, 1620, 1623, 1624, 1626, 1627, 1628, 1629, 1630, 1631, 1632, 1633, 1634, 1635, 1636, 1637, 1638, 1640, 1641, 1642, 1643, 1644, 1645, 1646, 1647, 1648, 1652, 1653, 1654, 1655, 1660, 1661, 1662, 1663, 1664, 1665, 1666, 1667, 1668, 1669, 1670, 1672, 1674, 1675, 1677, 1680, 1681, 1682, 1683, 1684, 1694, 1695, 1696, 1697, 1698, 1699, 1703, 1705, 1706, 1707, 1709, 1710, 1715, 1719, 1723, 1727, 1730, 1733, 1734, 1736, 1742, 1743, 1745, 1746, 1748, 1752, 1753, 1754, 1755, 1756, 1757, 1758, 1759, 1760, 1761, 1762, 1763, 1764, 1765, 1766, 1767, 1768, 1770, 1772, 1773, 1774, 1775, 1778, 1779, 1780, 1782, 1783, 1784, 1791, 1800, 1806, 1809, 1810, 1811, 1812, 1820, 1821, 1822, 1824, 1826, 1829, 1837, 1839, 1840, 1845, 1854, 1855, 1857, 1858, 1860, 1861, 1863, 1864, 1865, 1870, 1881, 1889, 1891, 1892, 1899, 1900, 1907, 1910, 1911, 1912, 1913, 1914, 1915, 1918, 1919, 1920, 1921, 1922, 1924, 1925, 1926, 1927, 1928, 1931, 1932, 1950, 1955, 1956, 1962, 1963, 1967, 1968, 1969, 1971, 1973, 1974, 1982, 1983, 1990, 1991, 1992, 1993, 1994, 1995, 1996, 1997, 1999, 2000, 2002, 2003, 2004, 2005, 2007, 2009, 2010, 2011, 2012, 2013, 2014, 2015, 2016, 2017, 2019, 2020, 2021, 2022, 2023, 2024, 2025, 2026, 2030, 2031, 2032, 2033, 2034, 2035, 2036, 2037, 2039, 2040, 2041, 2042, 2044, 2045, 2046, 2047, 2048]
###########
Solution: 4
Time: 32.531999826431274
Objectives: [962.0 1.550907e6; 953.0 1.558539e6; 966.0 1.548153e6; 963.0 1.550301e6; 959.0 1.555357e6; 957.0 1.555736e6; 960.0 1.553588e6; 954.0000028774446 1.558432998259024e6; 961.0 1.551684e6; 965.0 1.549922e6; 954.0 1.558433e6]
Centers: [184, 259, 345, 364, 376, 433, 805, 873, 1024, 1074, 1091, 1199, 1219, 1479, 1519, 1605, 1648, 1710, 1757, 1899]
Points: [1, 2, 3, 4, 7, 8, 11, 12, 13, 14, 15, 16, 17, 18, 19, 20, 21, 22, 23, 24, 25, 26, 27, 28, 29, 30, 31, 32, 33, 35, 36, 38, 45, 46, 51, 63, 66, 67, 68, 69, 71, 72, 73, 74, 75, 76, 77, 78, 79, 81, 82, 86, 87, 88, 89, 90, 91, 92, 93, 95, 97, 101, 109, 110, 111, 112, 113, 121, 122, 123, 124, 125, 129, 130, 131, 132, 133, 137, 138, 139, 144, 146, 148, 170, 184, 185, 187, 188, 190, 191, 192, 193, 195, 196, 197, 198, 199, 200, 201, 202, 205, 207, 208, 209, 210, 211, 212, 214, 218, 219, 220, 221, 222, 224, 225, 226, 227, 229, 230, 232, 233, 234, 235, 236, 237, 238, 239, 240, 241, 244, 245, 246, 247, 252, 253, 254, 255, 256, 257, 258, 259, 260, 266, 267, 268, 269, 272, 273, 274, 275, 277, 290, 304, 309, 310, 311, 312, 313, 314, 315, 316, 319, 321, 322, 324, 325, 326, 327, 328, 329, 330, 334, 338, 339, 340, 341, 342, 343, 345, 346, 347, 349, 350, 351, 352, 353, 354, 355, 356, 361, 364, 365, 366, 367, 368, 370, 371, 372, 373, 374, 376, 377, 380, 381, 384, 386, 388, 389, 390, 391, 392, 393, 394, 405, 406, 407, 408, 409, 410, 411, 412, 413, 414, 415, 416, 417, 419, 420, 422, 423, 424, 425, 427, 429, 430, 431, 432, 433, 434, 435, 436, 437, 438, 439, 440, 441, 442, 443, 445, 446, 447, 448, 449, 451, 452, 462, 466, 467, 468, 469, 470, 475, 476, 477, 489, 491, 493, 494, 495, 496, 497, 500, 503, 507, 508, 510, 511, 512, 513, 514, 521, 522, 523, 524, 525, 526, 529, 530, 531, 532, 533, 536, 537, 558, 559, 560, 561, 562, 563, 564, 565, 566, 567, 568, 569, 570, 571, 572, 604, 606, 609, 611, 612, 645, 646, 647, 649, 661, 663, 664, 665, 666, 667, 668, 669, 670, 673, 674, 677, 678, 679, 680, 709, 710, 711, 712, 721, 728, 739, 743, 744, 745, 746, 747, 748, 749, 751, 752, 754, 755, 756, 759, 760, 761, 765, 766, 769, 770, 771, 772, 773, 774, 775, 776, 784, 786, 791, 792, 796, 797, 798, 799, 800, 801, 802, 803, 804, 805, 809, 811, 812, 813, 818, 821, 826, 827, 839, 840, 841, 842, 843, 844, 845, 846, 847, 848, 849, 850, 851, 852, 853, 854, 855, 856, 858, 859, 860, 861, 863, 864, 866, 867, 870, 871, 873, 874, 875, 876, 877, 878, 879, 880, 881, 882, 886, 890, 891, 892, 893, 896, 897, 898, 899, 900, 904, 905, 907, 908, 909, 910, 911, 912, 914, 915, 919, 925, 931, 932, 933, 943, 949, 951, 952, 954, 955, 961, 962, 966, 968, 969, 972, 976, 977, 981, 985, 987, 1002, 1011, 1017, 1018, 1019, 1020, 1021, 1022, 1023, 1024, 1025, 1026, 1027, 1028, 1029, 1030, 1031, 1035, 1037, 1040, 1043, 1044, 1045, 1046, 1047, 1048, 1049, 1050, 1051, 1052, 1053, 1054, 1055, 1056, 1057, 1058, 1059, 1060, 1064, 1067, 1068, 1069, 1070, 1071, 1072, 1073, 1074, 1075, 1076, 1077, 1078, 1079, 1080, 1081, 1082, 1083, 1084, 1085, 1086, 1087, 1088, 1089, 1090, 1091, 1092, 1093, 1094, 1096, 1098, 1101, 1102, 1103, 1108, 1109, 1111, 1112, 1116, 1118, 1122, 1124, 1125, 1126, 1127, 1128, 1129, 1131, 1132, 1133, 1134, 1135, 1136, 1138, 1139, 1143, 1144, 1145, 1146, 1147, 1152, 1153, 1158, 1159, 1160, 1161, 1162, 1164, 1169, 1170, 1181, 1182, 1183, 1192, 1199, 1202, 1203, 1204, 1208, 1210, 1213, 1214, 1215, 1216, 1217, 1218, 1219, 1220, 1221, 1222, 1224, 1225, 1226, 1228, 1229, 1232, 1235, 1238, 1239, 1243, 1244, 1245, 1246, 1247, 1248, 1249, 1250, 1252, 1256, 1263, 1264, 1265, 1266, 1267, 1268, 1269, 1270, 1271, 1273, 1280, 1281, 1282, 1284, 1285, 1286, 1288, 1289, 1290, 1292, 1293, 1296, 1297, 1298, 1299, 1300, 1301, 1302, 1311, 1315, 1317, 1318, 1319, 1320, 1321, 1322, 1323, 1330, 1331, 1349, 1350, 1352, 1353, 1354, 1355, 1356, 1357, 1358, 1359, 1360, 1361, 1369, 1370, 1372, 1373, 1374, 1378, 1405, 1407, 1409, 1411, 1412, 1445, 1464, 1467, 1469, 1470, 1472, 1473, 1477, 1479, 1481, 1485, 1487, 1492, 1493, 1497, 1498, 1500, 1501, 1505, 1506, 1507, 1509, 1510, 1516, 1519, 1521, 1523, 1525, 1528, 1529, 1533, 1534, 1538, 1539, 1560, 1561, 1562, 1563, 1564, 1567, 1569, 1570, 1571, 1572, 1573, 1574, 1575, 1581, 1582, 1583, 1585, 1586, 1589, 1595, 1596, 1597, 1598, 1600, 1602, 1605, 1606, 1607, 1608, 1609, 1610, 1611, 1612, 1613, 1614, 1615, 1616, 1617, 1618, 1620, 1623, 1624, 1626, 1627, 1628, 1629, 1630, 1631, 1632, 1633, 1634, 1635, 1636, 1637, 1638, 1640, 1641, 1642, 1643, 1644, 1645, 1646, 1647, 1648, 1652, 1653, 1654, 1655, 1660, 1661, 1662, 1663, 1664, 1665, 1666, 1667, 1668, 1669, 1670, 1672, 1674, 1675, 1677, 1680, 1681, 1682, 1683, 1684, 1694, 1695, 1696, 1697, 1698, 1703, 1705, 1706, 1707, 1709, 1710, 1715, 1719, 1723, 1727, 1730, 1733, 1734, 1736, 1742, 1743, 1745, 1746, 1748, 1752, 1753, 1754, 1755, 1756, 1757, 1758, 1759, 1760, 1761, 1762, 1763, 1764, 1765, 1766, 1767, 1768, 1770, 1772, 1773, 1774, 1775, 1778, 1779, 1780, 1782, 1783, 1784, 1791, 1800, 1806, 1809, 1810, 1811, 1812, 1820, 1821, 1822, 1824, 1826, 1829, 1837, 1839, 1840, 1845, 1854, 1855, 1857, 1858, 1860, 1861, 1863, 1864, 1865, 1870, 1881, 1889, 1891, 1892, 1899, 1900, 1907, 1910, 1911, 1912, 1913, 1914, 1915, 1918, 1919, 1920, 1921, 1922, 1924, 1925, 1926, 1927, 1928, 1931, 1932, 1950, 1955, 1956, 1962, 1963, 1967, 1968, 1969, 1971, 1973, 1974, 1982, 1983, 1990, 1991, 1992, 1993, 1994, 1995, 1996, 1997, 1999, 2000, 2002, 2003, 2004, 2005, 2007, 2009, 2010, 2011, 2012, 2013, 2014, 2015, 2016, 2017, 2019, 2020, 2021, 2022, 2023, 2024, 2025, 2026, 2030, 2031, 2032, 2033, 2034, 2035, 2036, 2037, 2039, 2040, 2041, 2042, 2044, 2045, 2046, 2047, 2048]
###########
Solution: 5
Time: 32.531999826431274
Objectives: [962.0 1.550907e6; 953.0 1.558539e6; 966.0 1.548153e6; 963.0 1.550301e6; 959.0 1.555357e6; 957.0 1.555736e6; 960.0 1.553588e6; 954.0000028774446 1.558432998259024e6; 961.0 1.551684e6; 965.0 1.549922e6; 954.0 1.558433e6]
Centers: [184, 433, 617, 805, 849, 873, 897, 949, 968, 972, 1024, 1144, 1147, 1199, 1479, 1519, 1648, 1710, 1757, 1899]
Points: [1, 2, 3, 4, 7, 8, 11, 12, 13, 15, 16, 17, 18, 19, 20, 23, 24, 25, 26, 27, 28, 29, 30, 31, 32, 35, 36, 37, 38, 45, 46, 51, 63, 66, 68, 69, 70, 71, 72, 73, 74, 75, 76, 77, 78, 79, 82, 85, 86, 87, 88, 89, 90, 91, 92, 93, 94, 95, 97, 100, 101, 107, 108, 109, 110, 113, 121, 122, 123, 124, 125, 129, 130, 131, 132, 133, 137, 138, 139, 144, 146, 148, 184, 185, 187, 188, 190, 191, 192, 193, 195, 196, 197, 198, 199, 200, 201, 202, 205, 207, 208, 209, 210, 211, 212, 214, 218, 219, 220, 221, 222, 224, 225, 226, 227, 229, 230, 232, 233, 234, 235, 236, 237, 238, 239, 240, 241, 244, 245, 246, 247, 251, 253, 254, 255, 256, 257, 258, 259, 260, 266, 267, 268, 269, 272, 273, 274, 275, 277, 298, 299, 300, 302, 303, 304, 309, 310, 311, 312, 313, 314, 315, 316, 319, 321, 322, 324, 325, 326, 327, 328, 329, 330, 334, 338, 339, 340, 341, 342, 343, 344, 345, 346, 347, 349, 350, 351, 352, 353, 354, 355, 356, 361, 365, 366, 367, 368, 370, 371, 373, 374, 376, 377, 380, 381, 384, 386, 388, 389, 390, 391, 392, 393, 394, 405, 406, 407, 408, 409, 410, 411, 412, 413, 414, 415, 416, 417, 419, 420, 422, 423, 425, 427, 429, 430, 431, 432, 433, 434, 435, 436, 437, 438, 439, 440, 441, 442, 443, 445, 446, 447, 448, 449, 451, 452, 462, 466, 467, 468, 469, 470, 475, 476, 477, 491, 494, 495, 496, 500, 503, 507, 508, 510, 511, 512, 513, 514, 521, 522, 523, 524, 525, 526, 529, 530, 531, 532, 533, 536, 537, 558, 559, 560, 561, 562, 563, 564, 565, 566, 567, 568, 569, 570, 571, 572, 606, 609, 611, 617, 618, 619, 620, 621, 622, 649, 661, 663, 664, 665, 666, 667, 668, 669, 670, 673, 674, 677, 678, 679, 680, 691, 692, 693, 694, 708, 709, 710, 721, 728, 739, 743, 744, 745, 746, 747, 748, 749, 751, 752, 754, 755, 760, 784, 785, 786, 787, 788, 789, 791, 792, 796, 797, 798, 799, 800, 801, 802, 803, 804, 805, 809, 811, 812, 813, 818, 825, 826, 827, 828, 839, 840, 841, 842, 843, 844, 845, 846, 847, 848, 849, 850, 851, 852, 853, 854, 855, 856, 858, 859, 860, 861, 862, 863, 867, 869, 870, 871, 873, 874, 875, 876, 878, 879, 880, 881, 882, 886, 890, 891, 892, 893, 896, 897, 898, 899, 900, 901, 905, 907, 908, 909, 910, 911, 912, 914, 915, 919, 925, 928, 931, 932, 933, 949, 951, 952, 954, 955, 966, 968, 969, 972, 976, 977, 981, 985, 987, 1002, 1011, 1017, 1018, 1019, 1020, 1021, 1022, 1023, 1024, 1025, 1026, 1027, 1028, 1029, 1030, 1031, 1035, 1037, 1040, 1043, 1044, 1045, 1046, 1047, 1048, 1049, 1050, 1051, 1052, 1053, 1054, 1055, 1056, 1057, 1058, 1059, 1060, 1064, 1067, 1068, 1069, 1070, 1071, 1072, 1073, 1074, 1075, 1076, 1077, 1078, 1079, 1080, 1081, 1082, 1083, 1084, 1086, 1087, 1088, 1089, 1090, 1091, 1092, 1093, 1094, 1096, 1098, 1101, 1102, 1103, 1108, 1109, 1111, 1112, 1116, 1122, 1124, 1125, 1126, 1127, 1128, 1131, 1132, 1133, 1134, 1135, 1136, 1138, 1139, 1140, 1143, 1144, 1145, 1146, 1147, 1152, 1153, 1158, 1159, 1160, 1161, 1169, 1170, 1171, 1172, 1181, 1182, 1183, 1192, 1199, 1202, 1203, 1204, 1208, 1209, 1213, 1214, 1215, 1216, 1217, 1218, 1219, 1220, 1221, 1222, 1223, 1224, 1225, 1226, 1227, 1229, 1232, 1234, 1235, 1238, 1239, 1243, 1244, 1245, 1246, 1247, 1248, 1249, 1250, 1252, 1263, 1264, 1265, 1266, 1267, 1269, 1270, 1271, 1272, 1273, 1274, 1275, 1280, 1281, 1282, 1284, 1285, 1286, 1288, 1289, 1290, 1292, 1293, 1296, 1297, 1298, 1299, 1300, 1301, 1302, 1311, 1315, 1317, 1318, 1319, 1320, 1321, 1322, 1330, 1331, 1349, 1350, 1352, 1353, 1354, 1355, 1356, 1357, 1358, 1359, 1360, 1361, 1373, 1374, 1407, 1409, 1411, 1453, 1455, 1456, 1464, 1467, 1469, 1470, 1472, 1473, 1475, 1477, 1479, 1481, 1484, 1485, 1487, 1488, 1492, 1493, 1497, 1498, 1500, 1501, 1502, 1507, 1509, 1510, 1516, 1519, 1521, 1523, 1525, 1528, 1529, 1533, 1538, 1539, 1549, 1553, 1560, 1561, 1562, 1563, 1564, 1567, 1569, 1570, 1571, 1572, 1573, 1574, 1575, 1578, 1579, 1581, 1582, 1583, 1585, 1586, 1595, 1596, 1597, 1598, 1600, 1602, 1605, 1606, 1607, 1608, 1609, 1610, 1611, 1612, 1613, 1614, 1615, 1616, 1617, 1618, 1620, 1623, 1624, 1625, 1626, 1627, 1628, 1629, 1630, 1631, 1632, 1633, 1634, 1635, 1636, 1637, 1638, 1640, 1641, 1642, 1643, 1644, 1645, 1646, 1647, 1648, 1651, 1652, 1653, 1654, 1655, 1660, 1661, 1662, 1663, 1664, 1665, 1666, 1667, 1668, 1669, 1670, 1672, 1673, 1674, 1675, 1676, 1677, 1678, 1680, 1681, 1682, 1683, 1684, 1686, 1694, 1695, 1696, 1697, 1698, 1699, 1703, 1705, 1706, 1707, 1709, 1710, 1715, 1716, 1719, 1727, 1728, 1730, 1733, 1734, 1736, 1742, 1743, 1745, 1746, 1748, 1752, 1753, 1754, 1755, 1756, 1757, 1758, 1759, 1760, 1761, 1762, 1763, 1764, 1765, 1766, 1767, 1768, 1770, 1772, 1773, 1774, 1775, 1778, 1779, 1780, 1782, 1783, 1791, 1792, 1800, 1809, 1810, 1811, 1812, 1820, 1821, 1822, 1824, 1826, 1829, 1837, 1838, 1839, 1840, 1845, 1854, 1855, 1857, 1858, 1860, 1861, 1863, 1864, 1865, 1870, 1881, 1889, 1891, 1899, 1900, 1907, 1910, 1911, 1912, 1913, 1914, 1915, 1918, 1919, 1920, 1921, 1922, 1924, 1925, 1926, 1927, 1928, 1931, 1932, 1950, 1955, 1956, 1962, 1963, 1967, 1968, 1971, 1973, 1974, 1982, 1983, 1990, 1991, 1992, 1993, 1994, 1995, 1996, 1997, 1999, 2000, 2002, 2003, 2004, 2005, 2007, 2009, 2010, 2011, 2012, 2013, 2014, 2015, 2016, 2017, 2019, 2020, 2021, 2022, 2023, 2024, 2025, 2026, 2030, 2031, 2032, 2033, 2034, 2035, 2036, 2037, 2039, 2040, 2041, 2042, 2044, 2045, 2046, 2047, 2048]
###########
Solution: 6
Time: 32.531999826431274
Objectives: [962.0 1.550907e6; 953.0 1.558539e6; 966.0 1.548153e6; 963.0 1.550301e6; 959.0 1.555357e6; 957.0 1.555736e6; 960.0 1.553588e6; 954.0000028774446 1.558432998259024e6; 961.0 1.551684e6; 965.0 1.549922e6; 954.0 1.558433e6]
Centers: [184, 364, 433, 805, 849, 873, 897, 949, 968, 972, 1024, 1144, 1147, 1199, 1479, 1519, 1648, 1710, 1757, 1899]
Points: [1, 2, 3, 4, 7, 8, 11, 12, 13, 15, 16, 17, 18, 19, 20, 23, 24, 25, 26, 27, 28, 29, 30, 31, 32, 35, 36, 37, 38, 45, 46, 51, 63, 66, 68, 69, 70, 71, 72, 73, 74, 75, 76, 77, 78, 79, 82, 85, 86, 87, 88, 89, 90, 91, 92, 93, 94, 95, 97, 100, 101, 107, 108, 109, 110, 113, 121, 122, 123, 124, 125, 129, 130, 131, 132, 133, 137, 138, 139, 144, 146, 148, 170, 184, 185, 187, 188, 190, 191, 192, 193, 195, 196, 197, 198, 199, 200, 201, 202, 205, 207, 208, 209, 210, 211, 212, 214, 218, 219, 220, 221, 222, 224, 225, 226, 227, 229, 230, 232, 233, 234, 235, 236, 237, 238, 239, 240, 241, 244, 245, 246, 247, 251, 253, 254, 255, 256, 257, 258, 259, 260, 266, 267, 268, 269, 272, 273, 274, 275, 277, 290, 304, 309, 310, 311, 312, 313, 314, 315, 316, 319, 321, 322, 324, 325, 326, 327, 328, 329, 330, 334, 338, 339, 340, 341, 342, 343, 344, 345, 346, 347, 349, 350, 351, 352, 353, 354, 355, 356, 361, 364, 365, 366, 367, 368, 370, 371, 373, 374, 376, 377, 380, 381, 384, 386, 388, 389, 390, 391, 392, 393, 394, 405, 406, 407, 408, 409, 410, 411, 412, 413, 414, 415, 416, 417, 419, 420, 422, 423, 425, 427, 429, 430, 431, 432, 433, 434, 435, 436, 437, 438, 439, 440, 441, 442, 443, 445, 446, 447, 448, 449, 451, 452, 462, 466, 467, 468, 469, 470, 475, 476, 477, 489, 491, 494, 495, 496, 500, 503, 507, 508, 510, 511, 512, 513, 514, 521, 522, 523, 524, 525, 526, 529, 530, 531, 532, 533, 536, 537, 558, 559, 560, 561, 562, 563, 564, 565, 566, 567, 568, 569, 570, 571, 572, 604, 606, 609, 611, 645, 646, 647, 649, 661, 663, 664, 665, 666, 667, 668, 669, 670, 673, 674, 677, 678, 679, 680, 709, 710, 711, 712, 721, 728, 739, 743, 744, 745, 746, 747, 748, 749, 751, 752, 754, 755, 759, 760, 765, 766, 769, 771, 772, 773, 774, 775, 776, 784, 786, 791, 792, 796, 797, 798, 799, 800, 801, 802, 803, 804, 805, 809, 811, 812, 813, 818, 821, 825, 826, 827, 828, 839, 840, 841, 842, 843, 844, 845, 846, 847, 848, 849, 850, 851, 852, 853, 854, 855, 856, 858, 859, 860, 861, 862, 863, 867, 869, 870, 871, 873, 874, 875, 876, 878, 879, 880, 881, 882, 886, 890, 891, 892, 893, 896, 897, 898, 899, 900, 901, 905, 907, 908, 909, 910, 911, 912, 914, 915, 919, 925, 928, 931, 932, 933, 943, 949, 951, 952, 954, 955, 961, 962, 966, 968, 969, 972, 976, 977, 981, 985, 987, 1002, 1011, 1017, 1018, 1019, 1020, 1021, 1022, 1023, 1024, 1025, 1026, 1027, 1028, 1029, 1030, 1031, 1035, 1037, 1040, 1043, 1044, 1045, 1046, 1047, 1048, 1049, 1050, 1051, 1052, 1053, 1054, 1055, 1056, 1057, 1058, 1059, 1060, 1064, 1067, 1068, 1069, 1070, 1071, 1072, 1073, 1074, 1075, 1076, 1077, 1078, 1079, 1080, 1081, 1082, 1083, 1084, 1086, 1087, 1088, 1089, 1090, 1091, 1092, 1093, 1094, 1096, 1098, 1101, 1102, 1103, 1108, 1109, 1111, 1112, 1116, 1122, 1124, 1125, 1126, 1127, 1128, 1131, 1132, 1133, 1134, 1135, 1136, 1138, 1139, 1140, 1143, 1144, 1145, 1146, 1147, 1152, 1153, 1158, 1159, 1160, 1161, 1169, 1170, 1171, 1172, 1181, 1182, 1183, 1192, 1199, 1202, 1203, 1204, 1208, 1209, 1213, 1214, 1215, 1216, 1217, 1218, 1219, 1220, 1221, 1222, 1223, 1224, 1225, 1226, 1227, 1229, 1232, 1234, 1235, 1238, 1239, 1243, 1244, 1245, 1246, 1247, 1248, 1249, 1250, 1252, 1263, 1264, 1265, 1266, 1267, 1269, 1270, 1271, 1272, 1273, 1274, 1275, 1280, 1281, 1282, 1284, 1285, 1286, 1288, 1289, 1290, 1292, 1293, 1296, 1297, 1298, 1299, 1300, 1301, 1302, 1311, 1315, 1317, 1318, 1319, 1320, 1321, 1322, 1330, 1331, 1349, 1350, 1352, 1353, 1354, 1355, 1356, 1357, 1358, 1359, 1360, 1361, 1373, 1374, 1407, 1409, 1411, 1412, 1445, 1464, 1467, 1469, 1470, 1472, 1473, 1477, 1479, 1481, 1485, 1487, 1492, 1493, 1497, 1498, 1500, 1501, 1502, 1505, 1506, 1507, 1509, 1510, 1516, 1519, 1521, 1523, 1525, 1528, 1529, 1533, 1534, 1538, 1539, 1560, 1561, 1562, 1563, 1564, 1567, 1569, 1570, 1571, 1572, 1573, 1574, 1575, 1581, 1582, 1583, 1585, 1586, 1589, 1595, 1596, 1597, 1598, 1600, 1602, 1605, 1606, 1607, 1608, 1609, 1610, 1611, 1612, 1613, 1614, 1615, 1616, 1617, 1618, 1620, 1623, 1624, 1625, 1626, 1627, 1628, 1629, 1630, 1631, 1632, 1633, 1634, 1635, 1636, 1637, 1638, 1640, 1641, 1642, 1643, 1644, 1645, 1646, 1647, 1648, 1651, 1652, 1653, 1654, 1655, 1660, 1661, 1662, 1663, 1664, 1665, 1666, 1667, 1668, 1669, 1670, 1672, 1673, 1674, 1675, 1676, 1677, 1678, 1680, 1681, 1682, 1683, 1684, 1686, 1694, 1695, 1696, 1697, 1698, 1703, 1705, 1706, 1707, 1709, 1710, 1715, 1716, 1719, 1727, 1728, 1730, 1733, 1734, 1736, 1742, 1743, 1745, 1746, 1748, 1752, 1753, 1754, 1755, 1756, 1757, 1758, 1759, 1760, 1761, 1762, 1763, 1764, 1765, 1766, 1767, 1768, 1770, 1772, 1773, 1774, 1775, 1778, 1779, 1780, 1782, 1783, 1791, 1800, 1809, 1810, 1811, 1812, 1820, 1821, 1822, 1824, 1826, 1829, 1837, 1838, 1839, 1840, 1845, 1854, 1855, 1857, 1858, 1860, 1861, 1863, 1864, 1865, 1870, 1881, 1889, 1891, 1899, 1900, 1907, 1910, 1911, 1912, 1913, 1914, 1915, 1918, 1919, 1920, 1921, 1922, 1924, 1925, 1926, 1927, 1928, 1931, 1932, 1950, 1955, 1956, 1962, 1963, 1967, 1968, 1971, 1973, 1974, 1982, 1983, 1990, 1991, 1992, 1993, 1994, 1995, 1996, 1997, 1999, 2000, 2002, 2003, 2004, 2005, 2007, 2009, 2010, 2011, 2012, 2013, 2014, 2015, 2016, 2017, 2019, 2020, 2021, 2022, 2023, 2024, 2025, 2026, 2030, 2031, 2032, 2033, 2034, 2035, 2036, 2037, 2039, 2040, 2041, 2042, 2044, 2045, 2046, 2047, 2048]
###########
Solution: 7
Time: 32.531999826431274
Objectives: [962.0 1.550907e6; 953.0 1.558539e6; 966.0 1.548153e6; 963.0 1.550301e6; 959.0 1.555357e6; 957.0 1.555736e6; 960.0 1.553588e6; 954.0000028774446 1.558432998259024e6; 961.0 1.551684e6; 965.0 1.549922e6; 954.0 1.558433e6]
Centers: [184, 433, 789, 805, 849, 873, 897, 949, 968, 972, 1024, 1144, 1147, 1199, 1479, 1519, 1648, 1710, 1757, 1899]
Points: [1, 2, 3, 4, 7, 8, 11, 12, 13, 15, 16, 17, 18, 19, 20, 23, 24, 25, 26, 27, 28, 29, 30, 31, 32, 35, 36, 37, 38, 45, 46, 51, 63, 66, 68, 69, 70, 71, 72, 73, 74, 75, 76, 77, 78, 79, 82, 85, 86, 87, 88, 89, 90, 91, 92, 93, 94, 95, 97, 100, 101, 107, 108, 109, 110, 113, 121, 122, 123, 124, 125, 129, 130, 131, 132, 133, 137, 138, 139, 144, 146, 148, 184, 185, 187, 188, 190, 191, 192, 193, 195, 196, 197, 198, 199, 200, 201, 202, 205, 207, 208, 209, 210, 211, 212, 214, 218, 219, 220, 221, 222, 224, 225, 226, 227, 229, 230, 232, 233, 234, 235, 236, 237, 238, 239, 240, 241, 244, 245, 246, 247, 251, 253, 254, 255, 256, 257, 258, 259, 260, 266, 267, 268, 269, 272, 273, 274, 275, 277, 289, 290, 298, 300, 304, 309, 310, 311, 312, 313, 314, 315, 316, 319, 321, 322, 324, 325, 326, 327, 328, 329, 330, 334, 338, 339, 340, 341, 342, 343, 344, 345, 346, 347, 349, 350, 351, 352, 353, 354, 355, 356, 361, 365, 366, 367, 368, 370, 371, 373, 374, 376, 377, 380, 381, 384, 386, 388, 389, 390, 391, 392, 393, 394, 405, 406, 407, 408, 409, 410, 411, 412, 413, 414, 415, 416, 417, 419, 420, 422, 423, 425, 427, 429, 430, 431, 432, 433, 434, 435, 436, 437, 438, 439, 440, 441, 442, 443, 445, 446, 447, 448, 449, 451, 452, 462, 466, 467, 468, 469, 470, 475, 476, 477, 489, 491, 494, 495, 496, 500, 503, 507, 508, 510, 511, 512, 513, 514, 521, 522, 523, 524, 525, 526, 529, 530, 531, 532, 533, 536, 537, 558, 559, 560, 561, 562, 563, 564, 565, 566, 567, 568, 569, 570, 571, 572, 606, 609, 611, 617, 618, 619, 620, 621, 622, 645, 649, 661, 663, 664, 665, 666, 667, 668, 669, 670, 673, 674, 677, 678, 679, 680, 691, 692, 693, 694, 708, 709, 710, 711, 712, 721, 728, 739, 743, 744, 745, 746, 747, 748, 749, 751, 752, 754, 755, 760, 766, 772, 776, 784, 785, 786, 787, 788, 789, 791, 792, 796, 797, 798, 799, 800, 801, 802, 803, 804, 805, 809, 811, 812, 813, 818, 825, 826, 827, 828, 839, 840, 841, 842, 843, 844, 845, 846, 847, 848, 849, 850, 851, 852, 853, 854, 855, 856, 858, 859, 860, 861, 862, 863, 867, 869, 870, 871, 873, 874, 875, 876, 878, 879, 880, 881, 882, 886, 890, 891, 892, 893, 896, 897, 898, 899, 900, 901, 905, 907, 908, 909, 910, 911, 912, 914, 915, 919, 925, 928, 931, 932, 933, 943, 949, 951, 952, 954, 955, 966, 968, 969, 972, 976, 977, 981, 985, 987, 1002, 1011, 1017, 1018, 1019, 1020, 1021, 1022, 1023, 1024, 1025, 1026, 1027, 1028, 1029, 1030, 1031, 1035, 1037, 1040, 1043, 1044, 1045, 1046, 1047, 1048, 1049, 1050, 1051, 1052, 1053, 1054, 1055, 1056, 1057, 1058, 1059, 1060, 1064, 1067, 1068, 1069, 1070, 1071, 1072, 1073, 1074, 1075, 1076, 1077, 1078, 1079, 1080, 1081, 1082, 1083, 1084, 1086, 1087, 1088, 1089, 1090, 1091, 1092, 1093, 1094, 1096, 1098, 1101, 1102, 1103, 1108, 1109, 1111, 1112, 1116, 1122, 1124, 1125, 1126, 1127, 1128, 1131, 1132, 1133, 1134, 1135, 1136, 1138, 1139, 1140, 1143, 1144, 1145, 1146, 1147, 1152, 1153, 1158, 1159, 1160, 1161, 1169, 1170, 1171, 1172, 1181, 1182, 1183, 1192, 1199, 1202, 1203, 1204, 1208, 1209, 1213, 1214, 1215, 1216, 1217, 1218, 1219, 1220, 1221, 1222, 1223, 1224, 1225, 1226, 1227, 1229, 1232, 1234, 1235, 1238, 1239, 1243, 1244, 1245, 1246, 1247, 1248, 1249, 1250, 1252, 1263, 1264, 1265, 1266, 1267, 1269, 1270, 1271, 1272, 1273, 1274, 1275, 1280, 1281, 1282, 1284, 1285, 1286, 1288, 1289, 1290, 1292, 1293, 1296, 1297, 1298, 1299, 1300, 1301, 1302, 1311, 1315, 1317, 1318, 1319, 1320, 1321, 1322, 1330, 1331, 1349, 1350, 1352, 1353, 1354, 1355, 1356, 1357, 1358, 1359, 1360, 1361, 1373, 1374, 1407, 1409, 1411, 1412, 1464, 1467, 1469, 1470, 1472, 1473, 1477, 1479, 1481, 1484, 1485, 1487, 1488, 1492, 1493, 1497, 1498, 1500, 1501, 1502, 1507, 1509, 1510, 1516, 1519, 1521, 1523, 1525, 1528, 1529, 1533, 1538, 1539, 1560, 1561, 1562, 1563, 1564, 1567, 1569, 1570, 1571, 1572, 1573, 1574, 1575, 1578, 1579, 1581, 1582, 1583, 1585, 1586, 1595, 1596, 1597, 1598, 1600, 1602, 1605, 1606, 1607, 1608, 1609, 1610, 1611, 1612, 1613, 1614, 1615, 1616, 1617, 1618, 1620, 1623, 1624, 1625, 1626, 1627, 1628, 1629, 1630, 1631, 1632, 1633, 1634, 1635, 1636, 1637, 1638, 1640, 1641, 1642, 1643, 1644, 1645, 1646, 1647, 1648, 1651, 1652, 1653, 1654, 1655, 1660, 1661, 1662, 1663, 1664, 1665, 1666, 1667, 1668, 1669, 1670, 1672, 1673, 1674, 1675, 1676, 1677, 1678, 1680, 1681, 1682, 1683, 1684, 1686, 1694, 1695, 1696, 1697, 1698, 1699, 1703, 1705, 1706, 1707, 1709, 1710, 1715, 1716, 1719, 1727, 1728, 1730, 1733, 1734, 1736, 1742, 1743, 1745, 1746, 1748, 1752, 1753, 1754, 1755, 1756, 1757, 1758, 1759, 1760, 1761, 1762, 1763, 1764, 1765, 1766, 1767, 1768, 1770, 1772, 1773, 1774, 1775, 1778, 1779, 1780, 1782, 1783, 1791, 1800, 1809, 1810, 1811, 1812, 1820, 1821, 1822, 1824, 1826, 1829, 1837, 1838, 1839, 1840, 1845, 1854, 1855, 1857, 1858, 1860, 1861, 1863, 1864, 1865, 1870, 1881, 1889, 1891, 1899, 1900, 1907, 1910, 1911, 1912, 1913, 1914, 1915, 1918, 1919, 1920, 1921, 1922, 1924, 1925, 1926, 1927, 1928, 1931, 1932, 1950, 1955, 1956, 1962, 1963, 1967, 1968, 1971, 1973, 1974, 1982, 1983, 1990, 1991, 1992, 1993, 1994, 1995, 1996, 1997, 1999, 2000, 2002, 2003, 2004, 2005, 2007, 2009, 2010, 2011, 2012, 2013, 2014, 2015, 2016, 2017, 2019, 2020, 2021, 2022, 2023, 2024, 2025, 2026, 2030, 2031, 2032, 2033, 2034, 2035, 2036, 2037, 2039, 2040, 2041, 2042, 2044, 2045, 2046, 2047, 2048]
###########
Solution: 8
Time: 32.531999826431274
Objectives: [962.0 1.550907e6; 953.0 1.558539e6; 966.0 1.548153e6; 963.0 1.550301e6; 959.0 1.555357e6; 957.0 1.555736e6; 960.0 1.553588e6; 954.0000028774446 1.558432998259024e6; 961.0 1.551684e6; 965.0 1.549922e6; 954.0 1.558433e6]
Centers: [184, 279, 433, 805, 849, 873, 897, 949, 968, 972, 1024, 1144, 1147, 1199, 1479, 1519, 1648, 1710, 1757, 1899]
Points: [1, 2, 3, 4, 7, 8, 11, 12, 13, 15, 16, 17, 18, 19, 20, 23, 24, 25, 26, 27, 28, 29, 30, 31, 32, 35, 36, 37, 38, 45, 46, 51, 63, 66, 68, 69, 70, 71, 72, 73, 74, 75, 76, 77, 78, 79, 82, 85, 86, 87, 88, 89, 90, 91, 92, 93, 94, 95, 97, 100, 101, 107, 108, 109, 110, 113, 121, 122, 123, 124, 125, 129, 130, 131, 132, 133, 137, 138, 139, 144, 146, 148, 184, 185, 187, 188, 190, 191, 192, 193, 195, 196, 197, 198, 199, 200, 201, 202, 205, 207, 208, 209, 210, 211, 212, 214, 218, 219, 220, 221, 222, 224, 225, 226, 227, 229, 230, 232, 233, 234, 235, 236, 237, 238, 239, 240, 241, 244, 245, 246, 247, 251, 253, 254, 255, 256, 257, 258, 259, 260, 266, 267, 268, 269, 272, 273, 274, 275, 277, 279, 298, 299, 301, 302, 303, 304, 305, 306, 309, 310, 311, 312, 313, 314, 315, 316, 319, 321, 322, 324, 325, 326, 327, 328, 329, 330, 334, 338, 339, 340, 341, 342, 343, 344, 345, 346, 347, 349, 350, 351, 352, 353, 354, 355, 356, 361, 365, 366, 367, 368, 370, 371, 373, 374, 376, 377, 380, 381, 384, 385, 386, 388, 389, 390, 391, 392, 393, 394, 405, 406, 407, 408, 409, 410, 411, 412, 413, 414, 415, 416, 417, 419, 420, 422, 423, 425, 427, 429, 430, 431, 432, 433, 434, 435, 436, 437, 438, 439, 440, 441, 442, 443, 445, 446, 447, 448, 449, 451, 452, 462, 466, 467, 468, 469, 470, 475, 476, 477, 491, 494, 495, 496, 500, 503, 507, 508, 510, 511, 512, 513, 514, 521, 522, 523, 524, 525, 526, 529, 530, 531, 532, 533, 536, 537, 558, 559, 560, 561, 562, 563, 564, 565, 566, 567, 568, 569, 570, 571, 572, 606, 609, 611, 618, 619, 649, 661, 663, 664, 665, 666, 667, 668, 669, 670, 673, 674, 677, 678, 679, 680, 720, 721, 728, 736, 737, 739, 740, 741, 743, 744, 745, 746, 747, 748, 749, 751, 752, 754, 755, 760, 791, 792, 796, 797, 798, 799, 800, 801, 802, 803, 804, 805, 809, 811, 812, 813, 818, 820, 825, 826, 827, 828, 839, 840, 841, 842, 843, 844, 845, 846, 847, 848, 849, 850, 851, 852, 853, 854, 855, 856, 858, 859, 860, 861, 862, 863, 867, 869, 870, 871, 873, 874, 875, 876, 878, 879, 880, 881, 882, 886, 890, 891, 892, 893, 896, 897, 898, 899, 900, 901, 905, 907, 908, 909, 910, 911, 912, 914, 915, 919, 925, 928, 931, 932, 933, 949, 951, 952, 954, 955, 966, 968, 969, 972, 981, 985, 987, 1002, 1011, 1017, 1018, 1019, 1020, 1021, 1022, 1023, 1024, 1025, 1026, 1027, 1028, 1029, 1030, 1031, 1035, 1037, 1040, 1043, 1044, 1045, 1046, 1047, 1048, 1049, 1050, 1051, 1052, 1053, 1054, 1055, 1056, 1057, 1058, 1059, 1060, 1064, 1066, 1067, 1068, 1069, 1070, 1071, 1072, 1073, 1074, 1075, 1076, 1077, 1078, 1079, 1080, 1081, 1082, 1083, 1084, 1086, 1087, 1088, 1089, 1090, 1091, 1092, 1093, 1094, 1095, 1096, 1098, 1101, 1102, 1103, 1108, 1109, 1110, 1111, 1112, 1116, 1122, 1124, 1125, 1126, 1127, 1128, 1131, 1132, 1133, 1134, 1135, 1136, 1138, 1139, 1140, 1143, 1144, 1145, 1146, 1147, 1152, 1153, 1158, 1159, 1160, 1161, 1169, 1170, 1171, 1172, 1181, 1182, 1183, 1192, 1199, 1202, 1203, 1204, 1208, 1209, 1213, 1214, 1215, 1216, 1217, 1218, 1219, 1220, 1221, 1222, 1223, 1224, 1225, 1226, 1227, 1229, 1232, 1234, 1235, 1238, 1239, 1243, 1244, 1245, 1246, 1247, 1248, 1249, 1250, 1252, 1263, 1264, 1265, 1266, 1267, 1269, 1270, 1271, 1272, 1273, 1274, 1275, 1280, 1281, 1282, 1284, 1285, 1286, 1288, 1289, 1290, 1292, 1293, 1296, 1297, 1298, 1299, 1300, 1301, 1302, 1311, 1315, 1317, 1318, 1319, 1320, 1321, 1322, 1330, 1331, 1348, 1349, 1350, 1352, 1353, 1354, 1355, 1356, 1357, 1358, 1359, 1360, 1361, 1373, 1374, 1407, 1409, 1411, 1452, 1455, 1456, 1458, 1459, 1464, 1467, 1469, 1470, 1472, 1473, 1475, 1477, 1479, 1481, 1485, 1487, 1492, 1493, 1497, 1498, 1500, 1501, 1502, 1507, 1509, 1510, 1516, 1519, 1521, 1523, 1525, 1528, 1529, 1533, 1538, 1539, 1552, 1553, 1555, 1560, 1561, 1562, 1563, 1564, 1567, 1569, 1570, 1571, 1572, 1573, 1574, 1575, 1581, 1582, 1583, 1585, 1586, 1595, 1596, 1597, 1598, 1600, 1602, 1605, 1606, 1607, 1608, 1609, 1610, 1611, 1612, 1613, 1614, 1615, 1616, 1617, 1618, 1620, 1623, 1624, 1625, 1626, 1627, 1628, 1629, 1630, 1631, 1632, 1633, 1634, 1635, 1636, 1637, 1638, 1640, 1641, 1642, 1643, 1644, 1645, 1646, 1647, 1648, 1651, 1652, 1653, 1654, 1655, 1660, 1661, 1662, 1663, 1664, 1665, 1666, 1667, 1668, 1669, 1670, 1672, 1673, 1674, 1675, 1676, 1677, 1678, 1680, 1681, 1682, 1683, 1684, 1686, 1694, 1695, 1696, 1697, 1698, 1699, 1703, 1705, 1706, 1707, 1709, 1710, 1715, 1716, 1719, 1727, 1728, 1730, 1733, 1734, 1736, 1742, 1743, 1745, 1746, 1748, 1752, 1753, 1754, 1755, 1756, 1757, 1758, 1759, 1760, 1761, 1762, 1763, 1764, 1765, 1766, 1767, 1768, 1770, 1772, 1773, 1774, 1775, 1778, 1779, 1780, 1782, 1783, 1791, 1792, 1800, 1809, 1810, 1811, 1812, 1820, 1821, 1822, 1824, 1826, 1829, 1837, 1838, 1839, 1840, 1845, 1854, 1855, 1857, 1858, 1860, 1861, 1863, 1864, 1865, 1870, 1875, 1881, 1889, 1891, 1899, 1900, 1907, 1910, 1911, 1912, 1913, 1914, 1915, 1918, 1919, 1920, 1921, 1922, 1924, 1925, 1926, 1927, 1928, 1931, 1932, 1950, 1955, 1956, 1962, 1963, 1967, 1968, 1971, 1973, 1974, 1982, 1983, 1990, 1991, 1992, 1993, 1994, 1995, 1996, 1997, 1999, 2000, 2002, 2003, 2004, 2005, 2007, 2009, 2010, 2011, 2012, 2013, 2014, 2015, 2016, 2017, 2019, 2020, 2021, 2022, 2023, 2024, 2025, 2026, 2030, 2031, 2032, 2033, 2034, 2035, 2036, 2037, 2039, 2040, 2041, 2042, 2044, 2045, 2046, 2047, 2048]
###########
Solution: 9
Time: 32.531999826431274
Objectives: [962.0 1.550907e6; 953.0 1.558539e6; 966.0 1.548153e6; 963.0 1.550301e6; 959.0 1.555357e6; 957.0 1.555736e6; 960.0 1.553588e6; 954.0000028774446 1.558432998259024e6; 961.0 1.551684e6; 965.0 1.549922e6; 954.0 1.558433e6]
Centers: [184, 259, 345, 361, 376, 433, 617, 805, 873, 1024, 1074, 1199, 1219, 1479, 1519, 1570, 1605, 1648, 1758, 1899]
Points: [1, 2, 3, 4, 7, 8, 11, 12, 13, 14, 15, 16, 17, 18, 19, 20, 21, 22, 23, 24, 25, 26, 27, 28, 29, 30, 31, 32, 33, 35, 36, 38, 45, 46, 51, 63, 66, 67, 68, 69, 71, 72, 73, 74, 75, 76, 77, 78, 79, 81, 82, 86, 87, 88, 89, 90, 91, 92, 93, 95, 97, 101, 109, 110, 111, 112, 113, 121, 122, 123, 124, 125, 129, 130, 131, 132, 133, 137, 138, 139, 144, 146, 148, 184, 185, 187, 188, 190, 191, 192, 193, 195, 196, 197, 198, 199, 200, 201, 202, 205, 207, 208, 209, 210, 211, 212, 214, 218, 219, 220, 221, 222, 224, 225, 226, 227, 229, 230, 232, 233, 234, 235, 236, 237, 238, 239, 240, 241, 244, 245, 246, 247, 252, 253, 254, 255, 256, 257, 258, 259, 260, 266, 267, 268, 269, 270, 271, 272, 273, 274, 275, 277, 298, 299, 300, 302, 303, 304, 309, 310, 311, 312, 313, 314, 315, 319, 321, 322, 324, 325, 326, 327, 328, 329, 330, 334, 338, 339, 340, 341, 342, 343, 345, 346, 347, 349, 350, 351, 352, 353, 354, 355, 356, 361, 365, 366, 367, 368, 370, 371, 372, 373, 374, 376, 377, 380, 381, 384, 386, 388, 389, 390, 391, 392, 393, 394, 405, 406, 407, 408, 409, 410, 411, 412, 413, 414, 415, 416, 417, 419, 420, 422, 423, 424, 425, 427, 429, 430, 431, 432, 433, 434, 435, 436, 437, 438, 439, 440, 441, 442, 443, 445, 446, 447, 448, 449, 451, 452, 462, 466, 467, 468, 469, 470, 475, 476, 477, 491, 493, 494, 495, 496, 497, 500, 503, 507, 508, 510, 511, 512, 513, 514, 521, 522, 523, 524, 525, 526, 529, 530, 531, 532, 533, 536, 537, 558, 559, 560, 561, 562, 563, 564, 565, 566, 567, 568, 569, 570, 571, 572, 606, 609, 611, 612, 617, 618, 619, 620, 621, 622, 649, 661, 663, 664, 665, 666, 667, 668, 669, 670, 673, 674, 677, 678, 679, 680, 691, 692, 693, 694, 708, 709, 710, 717, 718, 721, 728, 743, 744, 745, 746, 747, 748, 749, 750, 751, 752, 753, 754, 755, 756, 760, 761, 770, 784, 785, 786, 787, 788, 789, 791, 792, 796, 797, 798, 799, 800, 801, 802, 803, 804, 805, 809, 811, 812, 813, 818, 825, 826, 827, 828, 839, 840, 841, 842, 843, 844, 845, 846, 847, 848, 849, 850, 851, 852, 853, 854, 855, 856, 858, 859, 860, 861, 863, 864, 866, 867, 873, 874, 875, 876, 877, 878, 879, 880, 881, 882, 886, 890, 891, 892, 893, 896, 897, 898, 899, 905, 907, 908, 909, 910, 911, 912, 914, 915, 919, 925, 931, 932, 933, 949, 951, 952, 954, 955, 966, 968, 969, 972, 976, 977, 979, 981, 985, 987, 1002, 1011, 1017, 1018, 1019, 1020, 1021, 1022, 1023, 1024, 1025, 1026, 1027, 1028, 1029, 1030, 1031, 1035, 1037, 1040, 1043, 1044, 1045, 1046, 1047, 1048, 1049, 1050, 1051, 1052, 1053, 1054, 1055, 1056, 1057, 1058, 1059, 1060, 1064, 1067, 1068, 1069, 1070, 1071, 1072, 1073, 1074, 1075, 1076, 1077, 1078, 1079, 1080, 1081, 1082, 1083, 1084, 1085, 1086, 1087, 1088, 1091, 1092, 1093, 1094, 1096, 1098, 1101, 1102, 1103, 1108, 1109, 1111, 1112, 1116, 1118, 1122, 1124, 1125, 1126, 1127, 1128, 1129, 1131, 1132, 1133, 1134, 1135, 1136, 1138, 1139, 1143, 1144, 1145, 1146, 1147, 1152, 1153, 1158, 1159, 1160, 1161, 1162, 1164, 1169, 1170, 1181, 1182, 1183, 1192, 1199, 1202, 1203, 1204, 1208, 1210, 1213, 1214, 1215, 1216, 1217, 1218, 1219, 1220, 1221, 1222, 1224, 1225, 1226, 1228, 1229, 1232, 1235, 1238, 1239, 1243, 1244, 1245, 1246, 1247, 1248, 1249, 1250, 1252, 1256, 1263, 1264, 1265, 1266, 1267, 1268, 1269, 1270, 1271, 1273, 1280, 1281, 1282, 1284, 1285, 1286, 1288, 1289, 1290, 1292, 1293, 1296, 1297, 1298, 1299, 1300, 1301, 1302, 1311, 1315, 1317, 1318, 1319, 1320, 1321, 1322, 1323, 1330, 1331, 1349, 1350, 1352, 1353, 1354, 1355, 1356, 1357, 1358, 1359, 1360, 1361, 1369, 1370, 1371, 1372, 1373, 1374, 1405, 1407, 1409, 1411, 1453, 1455, 1456, 1464, 1467, 1469, 1470, 1472, 1473, 1475, 1477, 1479, 1481, 1484, 1485, 1487, 1488, 1492, 1493, 1497, 1498, 1500, 1501, 1507, 1509, 1510, 1516, 1519, 1521, 1523, 1525, 1528, 1529, 1533, 1538, 1539, 1549, 1553, 1560, 1561, 1562, 1563, 1564, 1566, 1567, 1569, 1570, 1571, 1572, 1573, 1574, 1575, 1578, 1579, 1581, 1582, 1583, 1585, 1586, 1595, 1596, 1597, 1598, 1600, 1602, 1605, 1606, 1607, 1608, 1609, 1610, 1611, 1612, 1613, 1614, 1615, 1616, 1617, 1618, 1620, 1623, 1624, 1626, 1627, 1628, 1629, 1630, 1631, 1632, 1633, 1634, 1635, 1636, 1637, 1638, 1640, 1641, 1642, 1643, 1644, 1645, 1646, 1647, 1648, 1652, 1653, 1654, 1655, 1660, 1661, 1662, 1663, 1664, 1665, 1666, 1667, 1668, 1669, 1670, 1672, 1674, 1675, 1677, 1680, 1681, 1682, 1683, 1684, 1693, 1694, 1695, 1696, 1697, 1698, 1699, 1703, 1707, 1709, 1710, 1715, 1719, 1723, 1727, 1729, 1734, 1742, 1743, 1745, 1746, 1752, 1753, 1754, 1755, 1757, 1758, 1760, 1761, 1763, 1764, 1765, 1766, 1767, 1768, 1770, 1771, 1772, 1773, 1774, 1775, 1778, 1779, 1780, 1782, 1791, 1792, 1800, 1806, 1809, 1810, 1811, 1812, 1816, 1820, 1822, 1824, 1826, 1829, 1837, 1840, 1841, 1843, 1845, 1847, 1852, 1857, 1858, 1861, 1863, 1864, 1865, 1866, 1869, 1881, 1885, 1889, 1891, 1892, 1899, 1900, 1907, 1910, 1911, 1912, 1913, 1914, 1915, 1918, 1919, 1920, 1921, 1922, 1924, 1925, 1926, 1927, 1928, 1931, 1932, 1950, 1955, 1956, 1962, 1963, 1967, 1968, 1969, 1971, 1973, 1974, 1982, 1983, 1990, 1991, 1992, 1993, 1994, 1995, 1996, 1997, 1999, 2000, 2002, 2003, 2004, 2005, 2007, 2009, 2010, 2011, 2012, 2013, 2014, 2015, 2016, 2017, 2019, 2020, 2021, 2022, 2023, 2024, 2025, 2026, 2030, 2031, 2032, 2033, 2034, 2035, 2036, 2037, 2039, 2040, 2041, 2042, 2044, 2045, 2046, 2047, 2048]
###########
Solution: 10
Time: 32.531999826431274
Objectives: [962.0 1.550907e6; 953.0 1.558539e6; 966.0 1.548153e6; 963.0 1.550301e6; 959.0 1.555357e6; 957.0 1.555736e6; 960.0 1.553588e6; 954.0000028774446 1.558432998259024e6; 961.0 1.551684e6; 965.0 1.549922e6; 954.0 1.558433e6]
Centers: [184, 259, 345, 376, 433, 617, 805, 873, 1024, 1074, 1091, 1199, 1219, 1479, 1519, 1605, 1648, 1710, 1757, 1899]
Points: [1, 2, 3, 4, 7, 8, 11, 12, 13, 14, 15, 16, 17, 18, 19, 20, 21, 22, 23, 24, 25, 26, 27, 28, 29, 30, 31, 32, 33, 35, 36, 38, 45, 46, 51, 63, 66, 67, 68, 69, 71, 72, 73, 74, 75, 76, 77, 78, 79, 81, 82, 86, 87, 88, 89, 90, 91, 92, 93, 95, 97, 101, 109, 110, 111, 112, 113, 121, 122, 123, 124, 125, 129, 130, 131, 132, 133, 137, 138, 139, 144, 146, 148, 184, 185, 187, 188, 190, 191, 192, 193, 195, 196, 197, 198, 199, 200, 201, 202, 205, 207, 208, 209, 210, 211, 212, 214, 218, 219, 220, 221, 222, 224, 225, 226, 227, 229, 230, 232, 233, 234, 235, 236, 237, 238, 239, 240, 241, 244, 245, 246, 247, 252, 253, 254, 255, 256, 257, 258, 259, 260, 266, 267, 268, 269, 272, 273, 274, 275, 277, 298, 299, 300, 302, 303, 304, 309, 310, 311, 312, 313, 314, 315, 316, 319, 321, 322, 324, 325, 326, 327, 328, 329, 330, 334, 338, 339, 340, 341, 342, 343, 345, 346, 347, 349, 350, 351, 352, 353, 354, 355, 356, 361, 365, 366, 367, 368, 370, 371, 372, 373, 374, 376, 377, 380, 381, 384, 386, 388, 389, 390, 391, 392, 393, 394, 405, 406, 407, 408, 409, 410, 411, 412, 413, 414, 415, 416, 417, 419, 420, 422, 423, 424, 425, 427, 429, 430, 431, 432, 433, 434, 435, 436, 437, 438, 439, 440, 441, 442, 443, 445, 446, 447, 448, 449, 451, 452, 462, 466, 467, 468, 469, 470, 475, 476, 477, 491, 493, 494, 495, 496, 497, 500, 503, 507, 508, 510, 511, 512, 513, 514, 521, 522, 523, 524, 525, 526, 529, 530, 531, 532, 533, 536, 537, 558, 559, 560, 561, 562, 563, 564, 565, 566, 567, 568, 569, 570, 571, 572, 606, 609, 611, 612, 617, 618, 619, 620, 621, 622, 649, 661, 663, 664, 665, 666, 667, 668, 669, 670, 673, 674, 677, 678, 679, 680, 691, 692, 693, 694, 708, 709, 710, 721, 728, 739, 743, 744, 745, 746, 747, 748, 749, 751, 752, 754, 755, 756, 760, 761, 770, 784, 785, 786, 787, 788, 789, 791, 792, 796, 797, 798, 799, 800, 801, 802, 803, 804, 805, 809, 811, 812, 813, 818, 826, 827, 839, 840, 841, 842, 843, 844, 845, 846, 847, 848, 849, 850, 851, 852, 853, 854, 855, 856, 858, 859, 860, 861, 863, 864, 866, 867, 870, 871, 873, 874, 875, 876, 877, 878, 879, 880, 881, 882, 886, 890, 891, 892, 893, 896, 897, 898, 899, 900, 904, 905, 907, 908, 909, 910, 911, 912, 914, 915, 919, 925, 931, 932, 933, 949, 951, 952, 954, 955, 966, 968, 969, 972, 976, 977, 981, 985, 987, 1002, 1011, 1017, 1018, 1019, 1020, 1021, 1022, 1023, 1024, 1025, 1026, 1027, 1028, 1029, 1030, 1031, 1035, 1037, 1040, 1043, 1044, 1045, 1046, 1047, 1048, 1049, 1050, 1051, 1052, 1053, 1054, 1055, 1056, 1057, 1058, 1059, 1060, 1064, 1067, 1068, 1069, 1070, 1071, 1072, 1073, 1074, 1075, 1076, 1077, 1078, 1079, 1080, 1081, 1082, 1083, 1084, 1085, 1086, 1087, 1088, 1089, 1090, 1091, 1092, 1093, 1094, 1096, 1098, 1101, 1102, 1103, 1108, 1109, 1111, 1112, 1116, 1118, 1122, 1124, 1125, 1126, 1127, 1128, 1129, 1131, 1132, 1133, 1134, 1135, 1136, 1138, 1139, 1143, 1144, 1145, 1146, 1147, 1152, 1153, 1158, 1159, 1160, 1161, 1162, 1164, 1169, 1170, 1181, 1182, 1183, 1192, 1199, 1202, 1203, 1204, 1208, 1210, 1213, 1214, 1215, 1216, 1217, 1218, 1219, 1220, 1221, 1222, 1224, 1225, 1226, 1228, 1229, 1232, 1235, 1238, 1239, 1243, 1244, 1245, 1246, 1247, 1248, 1249, 1250, 1252, 1256, 1263, 1264, 1265, 1266, 1267, 1268, 1269, 1270, 1271, 1273, 1280, 1281, 1282, 1284, 1285, 1286, 1288, 1289, 1290, 1292, 1293, 1296, 1297, 1298, 1299, 1300, 1301, 1302, 1311, 1315, 1317, 1318, 1319, 1320, 1321, 1322, 1323, 1330, 1331, 1349, 1350, 1352, 1353, 1354, 1355, 1356, 1357, 1358, 1359, 1360, 1361, 1369, 1370, 1372, 1373, 1374, 1378, 1405, 1407, 1409, 1411, 1453, 1455, 1456, 1464, 1467, 1469, 1470, 1472, 1473, 1475, 1477, 1479, 1481, 1484, 1485, 1487, 1488, 1492, 1493, 1497, 1498, 1500, 1501, 1507, 1509, 1510, 1516, 1519, 1521, 1523, 1525, 1528, 1529, 1533, 1538, 1539, 1549, 1553, 1560, 1561, 1562, 1563, 1564, 1567, 1569, 1570, 1571, 1572, 1573, 1574, 1575, 1578, 1579, 1581, 1582, 1583, 1585, 1586, 1595, 1596, 1597, 1598, 1600, 1602, 1605, 1606, 1607, 1608, 1609, 1610, 1611, 1612, 1613, 1614, 1615, 1616, 1617, 1618, 1620, 1623, 1624, 1626, 1627, 1628, 1629, 1630, 1631, 1632, 1633, 1634, 1635, 1636, 1637, 1638, 1640, 1641, 1642, 1643, 1644, 1645, 1646, 1647, 1648, 1652, 1653, 1654, 1655, 1660, 1661, 1662, 1663, 1664, 1665, 1666, 1667, 1668, 1669, 1670, 1672, 1674, 1675, 1677, 1680, 1681, 1682, 1683, 1684, 1694, 1695, 1696, 1697, 1698, 1699, 1703, 1705, 1706, 1707, 1709, 1710, 1715, 1719, 1723, 1727, 1730, 1733, 1734, 1736, 1742, 1743, 1745, 1746, 1748, 1752, 1753, 1754, 1755, 1756, 1757, 1758, 1759, 1760, 1761, 1762, 1763, 1764, 1765, 1766, 1767, 1768, 1770, 1772, 1773, 1774, 1775, 1778, 1779, 1780, 1782, 1783, 1784, 1791, 1792, 1800, 1806, 1809, 1810, 1811, 1812, 1820, 1821, 1822, 1824, 1826, 1829, 1837, 1839, 1840, 1845, 1854, 1855, 1857, 1858, 1860, 1861, 1863, 1864, 1865, 1870, 1881, 1889, 1891, 1892, 1899, 1900, 1907, 1910, 1911, 1912, 1913, 1914, 1915, 1918, 1919, 1920, 1921, 1922, 1924, 1925, 1926, 1927, 1928, 1931, 1932, 1950, 1955, 1956, 1962, 1963, 1967, 1968, 1969, 1971, 1973, 1974, 1982, 1983, 1990, 1991, 1992, 1993, 1994, 1995, 1996, 1997, 1999, 2000, 2002, 2003, 2004, 2005, 2007, 2009, 2010, 2011, 2012, 2013, 2014, 2015, 2016, 2017, 2019, 2020, 2021, 2022, 2023, 2024, 2025, 2026, 2030, 2031, 2032, 2033, 2034, 2035, 2036, 2037, 2039, 2040, 2041, 2042, 2044, 2045, 2046, 2047, 2048]
###########
Solution: 11
Time: 32.531999826431274
Objectives: [962.0 1.550907e6; 953.0 1.558539e6; 966.0 1.548153e6; 963.0 1.550301e6; 959.0 1.555357e6; 957.0 1.555736e6; 960.0 1.553588e6; 954.0000028774446 1.558432998259024e6; 961.0 1.551684e6; 965.0 1.549922e6; 954.0 1.558433e6]
Centers: [184, 279, 433, 805, 849, 873, 897, 949, 968, 972, 1024, 1144, 1147, 1199, 1479, 1519, 1648, 1710, 1757, 1899]
Points: [1, 2, 3, 4, 7, 8, 11, 12, 13, 15, 16, 17, 18, 19, 20, 23, 24, 25, 26, 27, 28, 29, 30, 31, 32, 35, 36, 37, 38, 45, 46, 51, 63, 66, 68, 69, 70, 71, 72, 73, 74, 75, 76, 77, 78, 79, 82, 85, 86, 87, 88, 89, 90, 91, 92, 93, 94, 95, 97, 100, 101, 107, 108, 109, 110, 113, 121, 122, 123, 124, 125, 129, 130, 131, 132, 133, 137, 138, 139, 144, 146, 148, 184, 185, 187, 188, 190, 191, 192, 193, 195, 196, 197, 198, 199, 200, 201, 202, 205, 207, 208, 209, 210, 211, 212, 214, 218, 219, 220, 221, 222, 224, 225, 226, 227, 229, 230, 232, 233, 234, 235, 236, 237, 238, 239, 240, 241, 244, 245, 246, 247, 251, 253, 254, 255, 256, 257, 258, 259, 260, 266, 267, 268, 269, 272, 273, 274, 275, 277, 279, 298, 299, 301, 302, 303, 304, 305, 306, 309, 310, 311, 312, 313, 314, 315, 316, 319, 321, 322, 324, 325, 326, 327, 328, 329, 330, 334, 338, 339, 340, 341, 342, 343, 344, 345, 346, 347, 349, 350, 351, 352, 353, 354, 355, 356, 361, 365, 366, 367, 368, 370, 371, 373, 374, 376, 377, 380, 381, 384, 385, 386, 388, 389, 390, 391, 392, 393, 394, 405, 406, 407, 408, 409, 410, 411, 412, 413, 414, 415, 416, 417, 419, 420, 422, 423, 425, 427, 429, 430, 431, 432, 433, 434, 435, 436, 437, 438, 439, 440, 441, 442, 443, 445, 446, 447, 448, 449, 451, 452, 462, 466, 467, 468, 469, 470, 475, 476, 477, 491, 494, 495, 496, 500, 503, 507, 508, 510, 511, 512, 513, 514, 521, 522, 523, 524, 525, 526, 529, 530, 531, 532, 533, 536, 537, 558, 559, 560, 561, 562, 563, 564, 565, 566, 567, 568, 569, 570, 571, 572, 606, 609, 611, 618, 619, 649, 661, 663, 664, 665, 666, 667, 668, 669, 670, 673, 674, 677, 678, 679, 680, 720, 721, 728, 736, 737, 739, 740, 741, 743, 744, 745, 746, 747, 748, 749, 751, 752, 754, 755, 760, 791, 792, 796, 797, 798, 799, 800, 801, 802, 803, 804, 805, 809, 811, 812, 813, 818, 820, 825, 826, 827, 828, 839, 840, 841, 842, 843, 844, 845, 846, 847, 848, 849, 850, 851, 852, 853, 854, 855, 856, 858, 859, 860, 861, 862, 863, 867, 869, 870, 871, 873, 874, 875, 876, 878, 879, 880, 881, 882, 886, 890, 891, 892, 893, 896, 897, 898, 899, 900, 901, 905, 907, 908, 909, 910, 911, 912, 914, 915, 919, 925, 928, 931, 932, 933, 949, 951, 952, 954, 955, 966, 968, 969, 972, 981, 985, 987, 1002, 1011, 1017, 1018, 1019, 1020, 1021, 1022, 1023, 1024, 1025, 1026, 1027, 1028, 1029, 1030, 1031, 1035, 1037, 1040, 1043, 1044, 1045, 1046, 1047, 1048, 1049, 1050, 1051, 1052, 1053, 1054, 1055, 1056, 1057, 1058, 1059, 1060, 1064, 1066, 1067, 1068, 1069, 1070, 1071, 1072, 1073, 1074, 1075, 1076, 1077, 1078, 1079, 1080, 1081, 1082, 1083, 1084, 1086, 1087, 1088, 1089, 1090, 1091, 1092, 1093, 1094, 1095, 1096, 1098, 1101, 1102, 1103, 1108, 1109, 1110, 1111, 1112, 1116, 1122, 1124, 1125, 1126, 1127, 1128, 1131, 1132, 1133, 1134, 1135, 1136, 1138, 1139, 1140, 1143, 1144, 1145, 1146, 1147, 1152, 1153, 1158, 1159, 1160, 1161, 1169, 1170, 1171, 1172, 1181, 1182, 1183, 1192, 1199, 1202, 1203, 1204, 1208, 1209, 1213, 1214, 1215, 1216, 1217, 1218, 1219, 1220, 1221, 1222, 1223, 1224, 1225, 1226, 1227, 1229, 1232, 1234, 1235, 1238, 1239, 1243, 1244, 1245, 1246, 1247, 1248, 1249, 1250, 1252, 1263, 1264, 1265, 1266, 1267, 1269, 1270, 1271, 1272, 1273, 1274, 1275, 1280, 1281, 1282, 1284, 1285, 1286, 1288, 1289, 1290, 1292, 1293, 1296, 1297, 1298, 1299, 1300, 1301, 1302, 1311, 1315, 1317, 1318, 1319, 1320, 1321, 1322, 1330, 1331, 1348, 1349, 1350, 1352, 1353, 1354, 1355, 1356, 1357, 1358, 1359, 1360, 1361, 1373, 1374, 1407, 1409, 1411, 1452, 1455, 1456, 1458, 1459, 1464, 1467, 1469, 1470, 1472, 1473, 1475, 1477, 1479, 1481, 1485, 1487, 1492, 1493, 1497, 1498, 1500, 1501, 1502, 1507, 1509, 1510, 1516, 1519, 1521, 1523, 1525, 1528, 1529, 1533, 1538, 1539, 1552, 1553, 1555, 1560, 1561, 1562, 1563, 1564, 1567, 1569, 1570, 1571, 1572, 1573, 1574, 1575, 1581, 1582, 1583, 1585, 1586, 1595, 1596, 1597, 1598, 1600, 1602, 1605, 1606, 1607, 1608, 1609, 1610, 1611, 1612, 1613, 1614, 1615, 1616, 1617, 1618, 1620, 1623, 1624, 1625, 1626, 1627, 1628, 1629, 1630, 1631, 1632, 1633, 1634, 1635, 1636, 1637, 1638, 1640, 1641, 1642, 1643, 1644, 1645, 1646, 1647, 1648, 1651, 1652, 1653, 1654, 1655, 1660, 1661, 1662, 1663, 1664, 1665, 1666, 1667, 1668, 1669, 1670, 1672, 1673, 1674, 1675, 1676, 1677, 1678, 1680, 1681, 1682, 1683, 1684, 1686, 1694, 1695, 1696, 1697, 1698, 1699, 1703, 1705, 1706, 1707, 1709, 1710, 1715, 1716, 1719, 1727, 1728, 1730, 1733, 1734, 1736, 1742, 1743, 1745, 1746, 1748, 1752, 1753, 1754, 1755, 1756, 1757, 1758, 1759, 1760, 1761, 1762, 1763, 1764, 1765, 1766, 1767, 1768, 1770, 1772, 1773, 1774, 1775, 1778, 1779, 1780, 1782, 1783, 1791, 1792, 1800, 1809, 1810, 1811, 1812, 1820, 1821, 1822, 1824, 1826, 1829, 1837, 1838, 1839, 1840, 1845, 1854, 1855, 1857, 1858, 1860, 1861, 1863, 1864, 1865, 1870, 1875, 1881, 1889, 1891, 1899, 1900, 1907, 1910, 1911, 1912, 1913, 1914, 1915, 1918, 1919, 1920, 1921, 1922, 1924, 1925, 1926, 1927, 1928, 1931, 1932, 1950, 1955, 1956, 1962, 1963, 1967, 1968, 1971, 1973, 1974, 1982, 1983, 1990, 1991, 1992, 1993, 1994, 1995, 1996, 1997, 1999, 2000, 2002, 2003, 2004, 2005, 2007, 2009, 2010, 2011, 2012, 2013, 2014, 2015, 2016, 2017, 2019, 2020, 2021, 2022, 2023, 2024, 2025, 2026, 2030, 2031, 2032, 2033, 2034, 2035, 2036, 2037, 2039, 2040, 2041, 2042, 2044, 2045, 2046, 2047, 2048]
