###########
Solution: 1
Time: 8.039000034332275
Objectives: [661.0 1.065342e6; 653.0 1.071842e6; 665.0 1.056846e6; 662.0 1.063469e6; 658.0 1.069686e6; 655.0000005381501 1.0702080000522006e6; 660.0 1.067131e6; 659.0 1.067897e6; 663.0 1.060508e6; 655.0 1.070574e6; 664.0 1.058719e6; 654.0 1.071706e6; 657.0 1.069822e6]
Centers: [19, 158, 217, 294, 378, 407, 413, 582, 814, 847, 1038, 1058, 1103, 1124, 1222, 1255, 1291, 1301, 1493, 1541]
Points: [9, 10, 12, 13, 14, 15, 16, 18, 19, 20, 23, 26, 27, 36, 38, 41, 43, 55, 57, 58, 60, 65, 66, 70, 71, 76, 77, 83, 84, 85, 86, 90, 93, 94, 96, 98, 100, 101, 106, 107, 108, 109, 110, 111, 112, 113, 114, 120, 123, 139, 143, 144, 146, 147, 149, 150, 151, 152, 153, 154, 156, 158, 160, 161, 163, 164, 165, 167, 169, 172, 176, 179, 180, 183, 184, 185, 186, 187, 189, 190, 192, 194, 201, 203, 204, 206, 207, 208, 209, 210, 211, 214, 215, 216, 217, 218, 219, 221, 222, 226, 227, 232, 255, 256, 257, 259, 260, 262, 263, 264, 265, 266, 267, 268, 270, 271, 272, 273, 274, 275, 276, 277, 279, 280, 282, 283, 284, 285, 286, 287, 288, 289, 292, 293, 294, 295, 304, 305, 323, 324, 328, 329, 332, 334, 335, 336, 340, 348, 350, 356, 359, 360, 361, 362, 365, 366, 368, 369, 370, 373, 376, 377, 378, 384, 387, 388, 389, 391, 395, 396, 403, 404, 405, 406, 407, 408, 409, 410, 411, 412, 413, 414, 426, 432, 433, 434, 439, 440, 442, 451, 453, 454, 459, 460, 462, 463, 466, 468, 472, 473, 476, 477, 482, 485, 487, 494, 495, 502, 538, 540, 541, 543, 563, 570, 572, 577, 578, 579, 580, 581, 582, 589, 590, 591, 593, 598, 606, 607, 608, 610, 611, 612, 614, 615, 617, 622, 623, 624, 626, 627, 628, 629, 632, 638, 639, 643, 646, 647, 649, 650, 651, 652, 653, 654, 655, 663, 664, 665, 667, 671, 676, 677, 682, 683, 684, 685, 686, 687, 688, 689, 692, 695, 696, 700, 703, 707, 708, 710, 711, 714, 716, 724, 725, 726, 727, 728, 729, 731, 733, 734, 736, 737, 738, 744, 745, 746, 749, 751, 753, 754, 758, 759, 760, 763, 764, 768, 769, 771, 772, 787, 791, 792, 793, 801, 803, 804, 805, 806, 808, 809, 810, 811, 812, 813, 814, 816, 817, 819, 827, 829, 831, 832, 833, 834, 835, 836, 838, 839, 842, 843, 844, 845, 846, 847, 848, 849, 850, 851, 852, 854, 855, 856, 860, 861, 863, 869, 871, 873, 874, 882, 893, 894, 903, 904, 905, 908, 910, 911, 912, 914, 915, 916, 917, 918, 924, 935, 936, 937, 938, 939, 940, 941, 942, 948, 951, 952, 953, 954, 958, 959, 960, 961, 965, 969, 977, 978, 979, 980, 982, 983, 994, 996, 997, 1000, 1002, 1004, 1010, 1011, 1012, 1013, 1015, 1016, 1017, 1018, 1019, 1020, 1021, 1024, 1027, 1028, 1030, 1031, 1032, 1033, 1034, 1035, 1036, 1037, 1038, 1043, 1044, 1045, 1046, 1048, 1055, 1056, 1057, 1058, 1059, 1060, 1061, 1062, 1063, 1064, 1068, 1074, 1075, 1076, 1077, 1078, 1079, 1080, 1087, 1088, 1089, 1090, 1092, 1093, 1094, 1097, 1098, 1102, 1103, 1104, 1105, 1106, 1107, 1108, 1111, 1113, 1115, 1116, 1117, 1120, 1121, 1123, 1124, 1125, 1126, 1127, 1129, 1136, 1139, 1140, 1141, 1142, 1143, 1150, 1152, 1153, 1173, 1177, 1178, 1183, 1184, 1185, 1186, 1187, 1188, 1190, 1191, 1198, 1199, 1200, 1201, 1209, 1211, 1214, 1215, 1216, 1217, 1219, 1220, 1222, 1226, 1228, 1235, 1236, 1237, 1239, 1240, 1242, 1243, 1244, 1245, 1246, 1247, 1248, 1249, 1250, 1254, 1255, 1256, 1257, 1258, 1260, 1262, 1265, 1266, 1269, 1270, 1271, 1281, 1283, 1284, 1285, 1287, 1291, 1292, 1293, 1299, 1300, 1301, 1302, 1305, 1306, 1307, 1308, 1309, 1311, 1312, 1314, 1318, 1319, 1324, 1325, 1326, 1329, 1330, 1341, 1343, 1345, 1347, 1350, 1351, 1352, 1355, 1356, 1357, 1358, 1367, 1371, 1373, 1374, 1377, 1382, 1385, 1386, 1387, 1388, 1392, 1393, 1394, 1398, 1406, 1412, 1413, 1418, 1419, 1421, 1422, 1424, 1425, 1426, 1428, 1429, 1433, 1442, 1448, 1454, 1455, 1456, 1457, 1458, 1464, 1465, 1467, 1468, 1472, 1480, 1482, 1483, 1485, 1486, 1488, 1492, 1493, 1497, 1498, 1501, 1503, 1504, 1506, 1507, 1509, 1511, 1512, 1513, 1516, 1518, 1519, 1522, 1525, 1526, 1529, 1535, 1537, 1538, 1539, 1540, 1541, 1544, 1557, 1558, 1559, 1560, 1561, 1563, 1565, 1568, 1569]
###########
Solution: 2
Time: 8.039000034332275
Objectives: [661.0 1.065342e6; 653.0 1.071842e6; 665.0 1.056846e6; 662.0 1.063469e6; 658.0 1.069686e6; 655.0000005381501 1.0702080000522006e6; 660.0 1.067131e6; 659.0 1.067897e6; 663.0 1.060508e6; 655.0 1.070574e6; 664.0 1.058719e6; 654.0 1.071706e6; 657.0 1.069822e6]
Centers: [19, 76, 97, 126, 158, 217, 294, 329, 378, 407, 413, 976, 1002, 1038, 1058, 1103, 1124, 1301, 1493, 1541]
Points: [9, 10, 12, 13, 14, 15, 16, 18, 19, 20, 22, 23, 27, 36, 41, 43, 55, 56, 58, 59, 60, 62, 66, 67, 69, 70, 71, 73, 76, 83, 84, 86, 88, 90, 94, 96, 97, 100, 101, 106, 107, 108, 109, 110, 111, 112, 113, 114, 117, 120, 123, 126, 127, 143, 144, 146, 147, 149, 151, 152, 153, 154, 158, 160, 161, 163, 165, 167, 172, 173, 174, 176, 179, 180, 183, 184, 185, 187, 190, 191, 192, 193, 194, 201, 203, 204, 206, 207, 208, 209, 210, 211, 214, 215, 216, 217, 218, 219, 221, 222, 226, 227, 232, 255, 256, 257, 259, 260, 262, 263, 264, 265, 266, 267, 268, 270, 271, 272, 273, 274, 275, 276, 277, 279, 280, 282, 283, 284, 285, 286, 287, 288, 289, 291, 292, 293, 294, 295, 304, 323, 324, 328, 329, 332, 334, 335, 336, 340, 348, 350, 356, 359, 360, 361, 362, 365, 368, 369, 370, 373, 376, 377, 378, 384, 387, 388, 389, 391, 395, 396, 403, 404, 405, 406, 407, 408, 409, 410, 411, 412, 413, 414, 426, 432, 433, 434, 439, 440, 442, 451, 453, 454, 459, 460, 461, 462, 463, 464, 467, 468, 472, 473, 476, 477, 482, 485, 487, 494, 495, 521, 538, 540, 541, 563, 572, 577, 578, 579, 580, 581, 589, 590, 591, 601, 606, 607, 608, 610, 614, 616, 622, 623, 624, 626, 627, 628, 632, 634, 638, 639, 643, 646, 647, 649, 650, 651, 652, 653, 654, 655, 663, 664, 665, 671, 676, 677, 682, 683, 684, 685, 686, 687, 688, 689, 692, 695, 696, 700, 703, 707, 708, 710, 711, 714, 716, 724, 725, 726, 728, 729, 730, 731, 733, 734, 737, 738, 744, 745, 746, 749, 750, 751, 753, 754, 758, 759, 760, 763, 764, 768, 769, 771, 787, 792, 793, 801, 803, 804, 805, 806, 807, 808, 809, 810, 811, 812, 813, 814, 816, 817, 819, 827, 831, 832, 833, 834, 835, 836, 838, 839, 842, 847, 848, 849, 850, 851, 852, 854, 855, 856, 861, 863, 869, 871, 872, 873, 874, 893, 894, 903, 904, 905, 908, 910, 912, 914, 915, 916, 917, 918, 924, 930, 931, 932, 933, 938, 939, 940, 941, 942, 944, 945, 946, 947, 948, 951, 953, 954, 958, 959, 960, 961, 965, 969, 975, 976, 978, 979, 980, 982, 983, 989, 994, 996, 997, 999, 1000, 1001, 1002, 1003, 1004, 1010, 1011, 1012, 1013, 1015, 1016, 1017, 1018, 1019, 1020, 1021, 1022, 1024, 1027, 1028, 1029, 1030, 1031, 1032, 1033, 1034, 1035, 1036, 1037, 1038, 1043, 1044, 1045, 1056, 1057, 1058, 1059, 1060, 1061, 1062, 1063, 1064, 1068, 1069, 1074, 1075, 1076, 1077, 1078, 1079, 1080, 1087, 1088, 1089, 1090, 1091, 1092, 1093, 1097, 1098, 1102, 1103, 1104, 1105, 1106, 1107, 1108, 1111, 1112, 1113, 1115, 1116, 1117, 1123, 1124, 1125, 1126, 1127, 1129, 1136, 1139, 1140, 1141, 1142, 1143, 1150, 1152, 1153, 1166, 1173, 1176, 1177, 1178, 1182, 1183, 1184, 1185, 1186, 1187, 1190, 1191, 1198, 1199, 1200, 1201, 1209, 1212, 1213, 1214, 1215, 1216, 1217, 1219, 1220, 1222, 1228, 1235, 1236, 1237, 1239, 1240, 1242, 1243, 1244, 1246, 1247, 1248, 1249, 1250, 1251, 1252, 1253, 1256, 1257, 1258, 1263, 1265, 1271, 1281, 1283, 1284, 1285, 1299, 1300, 1301, 1302, 1305, 1306, 1307, 1308, 1309, 1311, 1312, 1313, 1314, 1317, 1318, 1319, 1324, 1325, 1326, 1327, 1329, 1330, 1331, 1333, 1334, 1335, 1336, 1340, 1341, 1343, 1345, 1347, 1350, 1351, 1352, 1355, 1356, 1357, 1358, 1367, 1371, 1373, 1385, 1386, 1387, 1388, 1392, 1393, 1394, 1398, 1406, 1412, 1413, 1418, 1419, 1421, 1422, 1424, 1425, 1426, 1427, 1428, 1429, 1442, 1443, 1444, 1445, 1448, 1453, 1454, 1455, 1456, 1457, 1458, 1464, 1465, 1467, 1468, 1472, 1482, 1485, 1486, 1488, 1492, 1493, 1497, 1498, 1501, 1503, 1504, 1506, 1507, 1509, 1511, 1512, 1518, 1519, 1522, 1525, 1526, 1529, 1538, 1540, 1541, 1542, 1544, 1550, 1557, 1558, 1560, 1561, 1563, 1565, 1568, 1569]
###########
Solution: 3
Time: 8.039000034332275
Objectives: [661.0 1.065342e6; 653.0 1.071842e6; 665.0 1.056846e6; 662.0 1.063469e6; 658.0 1.069686e6; 655.0000005381501 1.0702080000522006e6; 660.0 1.067131e6; 659.0 1.067897e6; 663.0 1.060508e6; 655.0 1.070574e6; 664.0 1.058719e6; 654.0 1.071706e6; 657.0 1.069822e6]
Centers: [19, 158, 217, 324, 378, 407, 413, 582, 814, 847, 1038, 1058, 1103, 1255, 1291, 1301, 1418, 1493, 1541, 1564]
Points: [9, 10, 12, 13, 14, 15, 16, 18, 19, 20, 23, 26, 27, 36, 38, 41, 43, 55, 57, 58, 60, 65, 66, 70, 71, 76, 77, 83, 84, 85, 87, 90, 93, 94, 96, 98, 100, 101, 106, 107, 108, 109, 110, 111, 112, 113, 114, 120, 122, 123, 139, 143, 144, 146, 147, 149, 150, 151, 152, 153, 154, 156, 158, 160, 161, 163, 164, 165, 167, 169, 172, 176, 179, 180, 183, 201, 203, 204, 206, 207, 208, 209, 210, 211, 214, 215, 216, 217, 218, 219, 221, 222, 226, 227, 232, 242, 255, 256, 257, 259, 260, 262, 263, 264, 265, 266, 267, 268, 270, 271, 272, 273, 274, 275, 276, 277, 279, 280, 282, 283, 284, 285, 286, 287, 288, 289, 292, 293, 294, 295, 304, 305, 321, 322, 323, 324, 325, 327, 328, 332, 334, 335, 336, 337, 340, 348, 350, 356, 359, 360, 361, 362, 365, 368, 369, 370, 373, 376, 377, 378, 384, 387, 388, 389, 391, 395, 396, 403, 404, 405, 406, 407, 408, 409, 410, 411, 412, 413, 414, 426, 432, 433, 434, 439, 440, 442, 451, 453, 454, 458, 459, 460, 462, 463, 466, 468, 472, 473, 476, 477, 482, 485, 487, 494, 495, 502, 532, 538, 540, 541, 543, 563, 570, 572, 577, 578, 579, 580, 581, 582, 589, 590, 591, 592, 593, 598, 599, 600, 606, 607, 608, 610, 611, 612, 614, 615, 617, 622, 624, 626, 627, 628, 632, 638, 639, 643, 646, 647, 649, 650, 651, 652, 653, 654, 655, 662, 663, 664, 665, 671, 676, 677, 682, 683, 684, 685, 686, 687, 688, 689, 692, 695, 696, 699, 700, 703, 707, 708, 710, 711, 713, 714, 716, 724, 725, 726, 727, 728, 729, 731, 733, 734, 737, 738, 744, 745, 746, 749, 751, 753, 754, 758, 759, 760, 763, 764, 766, 768, 769, 771, 772, 787, 791, 792, 793, 801, 803, 804, 805, 806, 808, 809, 810, 811, 812, 813, 814, 816, 817, 819, 826, 827, 831, 832, 833, 834, 835, 836, 838, 839, 842, 843, 844, 845, 846, 847, 848, 849, 850, 851, 852, 854, 855, 856, 860, 861, 863, 869, 871, 873, 874, 882, 888, 893, 894, 903, 904, 905, 907, 908, 910, 911, 912, 914, 915, 916, 917, 918, 924, 935, 936, 937, 938, 939, 940, 941, 942, 943, 948, 951, 952, 953, 954, 955, 956, 958, 959, 960, 961, 965, 969, 977, 978, 979, 980, 982, 983, 990, 991, 994, 996, 997, 1000, 1002, 1004, 1010, 1011, 1012, 1013, 1015, 1016, 1017, 1018, 1019, 1020, 1021, 1024, 1027, 1028, 1030, 1031, 1032, 1033, 1034, 1035, 1036, 1037, 1038, 1043, 1044, 1045, 1046, 1055, 1056, 1057, 1058, 1059, 1060, 1061, 1062, 1063, 1064, 1074, 1075, 1076, 1077, 1078, 1079, 1080, 1090, 1092, 1093, 1094, 1097, 1098, 1102, 1103, 1104, 1105, 1106, 1107, 1108, 1111, 1115, 1116, 1117, 1120, 1121, 1123, 1124, 1125, 1126, 1127, 1129, 1136, 1139, 1140, 1141, 1142, 1143, 1150, 1151, 1152, 1153, 1154, 1173, 1177, 1178, 1183, 1184, 1185, 1186, 1187, 1188, 1190, 1191, 1198, 1199, 1200, 1209, 1211, 1214, 1215, 1216, 1217, 1219, 1220, 1228, 1235, 1236, 1237, 1239, 1240, 1242, 1243, 1244, 1245, 1246, 1247, 1248, 1249, 1250, 1254, 1255, 1256, 1257, 1258, 1260, 1262, 1265, 1266, 1269, 1270, 1271, 1281, 1283, 1285, 1287, 1291, 1292, 1293, 1299, 1300, 1301, 1302, 1305, 1306, 1307, 1308, 1309, 1311, 1312, 1314, 1318, 1319, 1320, 1321, 1323, 1324, 1325, 1326, 1329, 1330, 1339, 1341, 1342, 1343, 1345, 1347, 1350, 1351, 1352, 1355, 1356, 1357, 1358, 1367, 1371, 1373, 1385, 1386, 1387, 1388, 1392, 1393, 1394, 1398, 1406, 1412, 1413, 1416, 1418, 1419, 1421, 1422, 1424, 1425, 1426, 1428, 1429, 1433, 1442, 1448, 1454, 1455, 1456, 1457, 1458, 1464, 1465, 1467, 1468, 1472, 1480, 1482, 1483, 1485, 1486, 1488, 1492, 1493, 1496, 1497, 1498, 1501, 1503, 1504, 1506, 1509, 1511, 1512, 1513, 1518, 1522, 1525, 1526, 1529, 1535, 1537, 1538, 1539, 1540, 1541, 1544, 1557, 1558, 1559, 1560, 1561, 1562, 1563, 1564, 1565, 1568, 1569]
###########
Solution: 4
Time: 8.039000034332275
Objectives: [661.0 1.065342e6; 653.0 1.071842e6; 665.0 1.056846e6; 662.0 1.063469e6; 658.0 1.069686e6; 655.0000005381501 1.0702080000522006e6; 660.0 1.067131e6; 659.0 1.067897e6; 663.0 1.060508e6; 655.0 1.070574e6; 664.0 1.058719e6; 654.0 1.071706e6; 657.0 1.069822e6]
Centers: [19, 158, 217, 294, 378, 407, 413, 582, 814, 847, 1038, 1058, 1103, 1222, 1255, 1291, 1301, 1418, 1493, 1541]
Points: [9, 10, 12, 13, 14, 15, 16, 18, 19, 20, 23, 26, 27, 36, 38, 41, 43, 55, 57, 58, 60, 65, 66, 70, 71, 76, 77, 83, 84, 85, 86, 90, 93, 94, 96, 98, 100, 101, 106, 107, 108, 109, 110, 111, 112, 113, 114, 120, 123, 139, 143, 144, 146, 147, 149, 150, 151, 152, 153, 154, 156, 158, 160, 161, 163, 164, 165, 167, 169, 172, 176, 179, 180, 183, 184, 185, 186, 187, 189, 190, 192, 194, 201, 203, 204, 206, 207, 208, 209, 210, 211, 214, 215, 216, 217, 218, 219, 221, 222, 226, 227, 232, 255, 256, 257, 259, 260, 262, 263, 264, 265, 266, 267, 268, 270, 271, 272, 273, 274, 275, 276, 277, 279, 280, 282, 283, 284, 285, 286, 287, 288, 289, 292, 293, 294, 295, 304, 305, 323, 324, 328, 329, 332, 334, 335, 336, 337, 340, 348, 350, 356, 359, 360, 361, 362, 365, 366, 368, 369, 370, 373, 376, 377, 378, 384, 387, 388, 389, 391, 395, 396, 403, 404, 405, 406, 407, 408, 409, 410, 411, 412, 413, 414, 426, 432, 433, 434, 439, 440, 442, 451, 453, 454, 459, 460, 462, 463, 466, 468, 472, 473, 476, 477, 482, 485, 487, 494, 495, 502, 538, 540, 541, 543, 563, 570, 572, 577, 578, 579, 580, 581, 582, 589, 590, 591, 593, 598, 606, 607, 608, 610, 611, 612, 614, 615, 617, 622, 623, 624, 626, 627, 628, 629, 632, 638, 639, 643, 646, 647, 649, 650, 651, 652, 653, 654, 655, 662, 663, 664, 665, 667, 671, 676, 677, 682, 683, 684, 685, 686, 687, 688, 689, 692, 695, 696, 700, 703, 707, 708, 710, 711, 714, 716, 724, 725, 726, 727, 728, 729, 731, 733, 734, 736, 737, 738, 744, 745, 746, 749, 751, 753, 754, 758, 759, 760, 763, 764, 768, 769, 771, 772, 787, 791, 792, 793, 801, 803, 804, 805, 806, 808, 809, 810, 811, 812, 813, 814, 816, 817, 819, 826, 827, 829, 831, 832, 833, 834, 835, 836, 838, 839, 842, 843, 844, 845, 846, 847, 848, 849, 850, 851, 852, 854, 855, 856, 860, 861, 863, 869, 871, 873, 874, 882, 888, 893, 894, 903, 904, 905, 907, 908, 910, 911, 912, 914, 915, 916, 917, 918, 924, 935, 936, 937, 938, 939, 940, 941, 942, 948, 951, 952, 953, 954, 958, 959, 960, 961, 965, 969, 977, 978, 979, 980, 982, 983, 994, 996, 997, 1000, 1002, 1004, 1010, 1011, 1012, 1013, 1015, 1016, 1017, 1018, 1019, 1020, 1021, 1024, 1027, 1028, 1030, 1031, 1032, 1033, 1034, 1035, 1036, 1037, 1038, 1043, 1044, 1045, 1046, 1048, 1055, 1056, 1057, 1058, 1059, 1060, 1061, 1062, 1063, 1064, 1074, 1075, 1076, 1077, 1078, 1079, 1080, 1090, 1092, 1093, 1094, 1097, 1098, 1102, 1103, 1104, 1105, 1106, 1107, 1108, 1111, 1113, 1115, 1116, 1117, 1120, 1121, 1123, 1124, 1125, 1126, 1127, 1129, 1136, 1139, 1140, 1141, 1142, 1143, 1150, 1152, 1153, 1173, 1177, 1178, 1183, 1184, 1185, 1186, 1187, 1188, 1190, 1191, 1198, 1199, 1200, 1201, 1209, 1211, 1214, 1215, 1216, 1217, 1219, 1220, 1222, 1226, 1228, 1235, 1236, 1237, 1239, 1240, 1242, 1243, 1244, 1245, 1246, 1247, 1248, 1249, 1250, 1254, 1255, 1256, 1257, 1258, 1260, 1262, 1265, 1266, 1269, 1270, 1271, 1281, 1283, 1284, 1285, 1287, 1291, 1292, 1293, 1299, 1300, 1301, 1302, 1305, 1306, 1307, 1308, 1309, 1311, 1312, 1314, 1318, 1319, 1324, 1325, 1326, 1329, 1330, 1341, 1343, 1345, 1347, 1350, 1351, 1352, 1355, 1356, 1357, 1358, 1367, 1371, 1373, 1374, 1377, 1382, 1385, 1386, 1387, 1388, 1392, 1393, 1394, 1398, 1406, 1412, 1413, 1416, 1418, 1419, 1421, 1422, 1424, 1425, 1426, 1428, 1429, 1433, 1442, 1448, 1454, 1455, 1456, 1457, 1458, 1464, 1465, 1467, 1468, 1472, 1480, 1482, 1483, 1485, 1486, 1488, 1492, 1493, 1496, 1497, 1498, 1501, 1503, 1504, 1506, 1509, 1511, 1512, 1513, 1516, 1518, 1522, 1525, 1526, 1529, 1535, 1537, 1538, 1539, 1540, 1541, 1544, 1557, 1558, 1559, 1560, 1561, 1563, 1565, 1568, 1569]
###########
Solution: 5
Time: 8.039000034332275
Objectives: [661.0 1.065342e6; 653.0 1.071842e6; 665.0 1.056846e6; 662.0 1.063469e6; 658.0 1.069686e6; 655.0000005381501 1.0702080000522006e6; 660.0 1.067131e6; 659.0 1.067897e6; 663.0 1.060508e6; 655.0 1.070574e6; 664.0 1.058719e6; 654.0 1.071706e6; 657.0 1.069822e6]
Centers: [19, 158, 164, 217, 294, 378, 407, 413, 814, 847, 1038, 1058, 1103, 1124, 1222, 1291, 1301, 1472, 1493, 1541]
Points: [9, 10, 12, 13, 14, 15, 16, 18, 19, 20, 23, 27, 36, 38, 41, 43, 55, 57, 58, 59, 60, 61, 66, 70, 71, 75, 76, 77, 83, 84, 85, 86, 90, 93, 94, 96, 97, 98, 100, 101, 106, 107, 108, 109, 110, 111, 112, 113, 114, 120, 123, 139, 143, 144, 146, 147, 149, 150, 151, 152, 153, 154, 156, 158, 160, 161, 163, 164, 165, 167, 169, 172, 176, 179, 180, 183, 184, 185, 186, 187, 189, 190, 192, 194, 201, 203, 204, 206, 207, 208, 209, 210, 211, 214, 215, 216, 217, 218, 219, 221, 222, 226, 227, 232, 255, 256, 257, 259, 260, 262, 263, 264, 265, 266, 267, 268, 270, 271, 272, 273, 274, 275, 276, 277, 279, 280, 282, 283, 284, 285, 286, 287, 288, 289, 292, 293, 294, 295, 304, 305, 323, 324, 328, 329, 332, 334, 335, 336, 340, 348, 350, 356, 359, 360, 361, 362, 365, 366, 368, 369, 370, 373, 376, 377, 378, 384, 387, 388, 389, 391, 395, 396, 403, 404, 405, 406, 407, 408, 409, 410, 411, 412, 413, 414, 426, 432, 433, 434, 439, 440, 442, 451, 453, 454, 459, 460, 462, 463, 464, 466, 468, 472, 473, 476, 477, 482, 485, 487, 494, 495, 502, 538, 540, 541, 543, 563, 570, 572, 577, 578, 579, 580, 581, 582, 589, 590, 591, 593, 598, 606, 607, 608, 610, 611, 612, 614, 615, 616, 617, 622, 623, 624, 626, 627, 628, 629, 632, 638, 639, 643, 646, 647, 649, 650, 651, 652, 653, 654, 655, 663, 664, 665, 667, 671, 676, 677, 682, 683, 684, 685, 686, 687, 688, 689, 692, 695, 696, 700, 703, 707, 708, 710, 711, 714, 716, 724, 725, 726, 727, 728, 729, 731, 733, 734, 736, 737, 738, 744, 745, 746, 749, 751, 753, 754, 758, 759, 760, 763, 764, 768, 769, 771, 787, 791, 792, 793, 801, 803, 804, 805, 806, 808, 809, 810, 811, 812, 813, 814, 816, 817, 819, 827, 829, 831, 832, 833, 834, 835, 836, 838, 839, 842, 843, 844, 845, 846, 847, 848, 849, 850, 851, 852, 854, 855, 856, 860, 861, 863, 869, 871, 873, 874, 893, 894, 903, 904, 905, 908, 910, 911, 912, 914, 915, 916, 917, 918, 924, 936, 937, 938, 939, 940, 941, 942, 948, 951, 952, 953, 954, 958, 959, 960, 961, 965, 969, 977, 978, 979, 980, 982, 983, 994, 996, 997, 1000, 1002, 1004, 1010, 1011, 1012, 1013, 1015, 1016, 1017, 1018, 1019, 1020, 1021, 1024, 1027, 1028, 1030, 1031, 1032, 1033, 1034, 1035, 1036, 1037, 1038, 1043, 1044, 1045, 1046, 1048, 1055, 1056, 1057, 1058, 1059, 1060, 1061, 1062, 1063, 1064, 1068, 1069, 1074, 1075, 1076, 1077, 1078, 1079, 1080, 1087, 1088, 1089, 1090, 1092, 1093, 1094, 1097, 1098, 1102, 1103, 1104, 1105, 1106, 1107, 1108, 1111, 1113, 1115, 1116, 1117, 1120, 1121, 1123, 1124, 1125, 1126, 1127, 1129, 1136, 1139, 1140, 1141, 1142, 1143, 1150, 1152, 1153, 1173, 1177, 1178, 1183, 1184, 1185, 1186, 1187, 1188, 1190, 1191, 1198, 1199, 1200, 1201, 1209, 1211, 1214, 1215, 1216, 1217, 1219, 1220, 1222, 1226, 1228, 1235, 1236, 1237, 1239, 1240, 1242, 1243, 1244, 1246, 1247, 1248, 1249, 1250, 1254, 1255, 1256, 1257, 1258, 1263, 1265, 1266, 1271, 1281, 1283, 1284, 1285, 1287, 1291, 1292, 1293, 1299, 1300, 1301, 1302, 1305, 1306, 1307, 1308, 1309, 1311, 1312, 1314, 1318, 1319, 1324, 1325, 1326, 1329, 1330, 1333, 1334, 1341, 1343, 1345, 1347, 1350, 1351, 1352, 1355, 1356, 1357, 1358, 1367, 1371, 1373, 1374, 1377, 1382, 1385, 1386, 1387, 1388, 1392, 1393, 1394, 1398, 1406, 1412, 1413, 1418, 1419, 1421, 1422, 1424, 1425, 1426, 1428, 1429, 1442, 1444, 1445, 1448, 1454, 1455, 1456, 1457, 1458, 1464, 1465, 1467, 1468, 1472, 1482, 1485, 1486, 1488, 1492, 1493, 1497, 1498, 1501, 1503, 1504, 1506, 1507, 1509, 1511, 1512, 1513, 1516, 1518, 1519, 1522, 1525, 1526, 1529, 1537, 1538, 1540, 1541, 1544, 1557, 1558, 1559, 1560, 1561, 1563, 1565, 1568, 1569]
###########
Solution: 6
Time: 8.039000034332275
Objectives: [661.0 1.065342e6; 653.0 1.071842e6; 665.0 1.056846e6; 662.0 1.063469e6; 658.0 1.069686e6; 655.0000005381501 1.0702080000522006e6; 660.0 1.067131e6; 659.0 1.067897e6; 663.0 1.060508e6; 655.0 1.070574e6; 664.0 1.058719e6; 654.0 1.071706e6; 657.0 1.069822e6]
Centers: [19, 76, 97, 112, 126, 158, 217, 294, 378, 407, 413, 947, 1038, 1058, 1103, 1124, 1222, 1301, 1493, 1541]
Points: [9, 10, 12, 13, 14, 15, 16, 18, 19, 20, 22, 23, 27, 36, 41, 43, 55, 56, 58, 59, 60, 62, 66, 67, 69, 70, 71, 73, 76, 83, 84, 86, 88, 90, 94, 96, 97, 100, 101, 106, 107, 108, 109, 110, 111, 112, 113, 114, 117, 120, 123, 126, 127, 143, 144, 146, 147, 149, 151, 152, 153, 154, 157, 158, 160, 161, 162, 163, 165, 167, 169, 172, 173, 174, 176, 179, 180, 183, 184, 185, 186, 187, 189, 190, 192, 194, 201, 203, 204, 206, 207, 208, 209, 210, 211, 214, 215, 216, 217, 218, 219, 221, 222, 226, 227, 232, 255, 256, 257, 259, 260, 262, 263, 264, 265, 266, 267, 268, 270, 271, 272, 273, 274, 275, 276, 277, 279, 280, 282, 283, 284, 285, 286, 287, 288, 289, 292, 293, 294, 295, 304, 323, 324, 328, 329, 332, 334, 335, 336, 340, 348, 350, 356, 359, 360, 361, 362, 365, 366, 368, 369, 370, 373, 376, 377, 378, 384, 387, 388, 389, 391, 395, 396, 403, 404, 405, 406, 407, 408, 409, 410, 411, 412, 413, 414, 426, 432, 433, 434, 439, 440, 442, 451, 453, 454, 459, 460, 461, 462, 463, 464, 467, 468, 472, 473, 476, 477, 482, 485, 487, 494, 495, 538, 540, 541, 563, 572, 577, 578, 579, 580, 581, 589, 590, 591, 601, 603, 606, 607, 608, 610, 614, 616, 622, 623, 624, 626, 627, 628, 629, 632, 638, 639, 643, 646, 647, 649, 650, 651, 652, 653, 654, 655, 663, 664, 665, 667, 671, 676, 677, 682, 683, 684, 685, 686, 687, 688, 689, 692, 695, 696, 700, 703, 707, 708, 710, 711, 714, 716, 724, 725, 726, 728, 729, 730, 731, 733, 734, 736, 737, 738, 744, 745, 746, 749, 750, 751, 753, 754, 758, 759, 760, 763, 764, 768, 769, 771, 787, 792, 793, 801, 803, 804, 805, 806, 807, 808, 809, 810, 811, 812, 813, 814, 816, 817, 819, 827, 829, 831, 832, 833, 834, 835, 836, 838, 839, 842, 847, 848, 849, 850, 851, 852, 854, 855, 856, 861, 863, 869, 871, 872, 873, 874, 893, 894, 903, 904, 905, 908, 910, 912, 914, 915, 916, 917, 918, 924, 930, 931, 938, 939, 940, 941, 942, 944, 945, 946, 947, 948, 951, 953, 954, 956, 958, 959, 960, 961, 965, 969, 975, 976, 978, 979, 980, 982, 983, 989, 994, 996, 997, 999, 1000, 1001, 1002, 1003, 1004, 1010, 1011, 1012, 1013, 1015, 1016, 1017, 1018, 1019, 1020, 1021, 1024, 1025, 1027, 1028, 1030, 1031, 1032, 1033, 1034, 1035, 1036, 1037, 1038, 1043, 1044, 1045, 1048, 1056, 1057, 1058, 1059, 1060, 1061, 1062, 1063, 1064, 1068, 1069, 1074, 1075, 1076, 1077, 1078, 1079, 1080, 1087, 1088, 1089, 1090, 1091, 1092, 1093, 1097, 1098, 1102, 1103, 1104, 1105, 1106, 1107, 1108, 1111, 1113, 1115, 1116, 1117, 1123, 1124, 1125, 1126, 1127, 1129, 1136, 1139, 1140, 1141, 1142, 1143, 1150, 1152, 1153, 1166, 1173, 1177, 1178, 1183, 1184, 1185, 1186, 1187, 1190, 1191, 1198, 1199, 1200, 1201, 1209, 1212, 1213, 1214, 1215, 1216, 1217, 1219, 1220, 1222, 1226, 1228, 1235, 1236, 1237, 1239, 1240, 1242, 1243, 1244, 1246, 1247, 1248, 1249, 1250, 1251, 1252, 1253, 1256, 1257, 1258, 1263, 1265, 1271, 1283, 1284, 1285, 1299, 1300, 1301, 1302, 1305, 1306, 1307, 1308, 1309, 1311, 1312, 1313, 1314, 1318, 1319, 1324, 1325, 1326, 1327, 1329, 1330, 1331, 1333, 1334, 1335, 1336, 1340, 1341, 1343, 1345, 1350, 1351, 1352, 1355, 1356, 1357, 1358, 1367, 1371, 1373, 1374, 1377, 1382, 1385, 1386, 1387, 1388, 1392, 1393, 1394, 1398, 1406, 1412, 1413, 1418, 1419, 1421, 1422, 1424, 1425, 1426, 1427, 1428, 1429, 1442, 1444, 1445, 1448, 1453, 1454, 1455, 1456, 1457, 1458, 1464, 1465, 1467, 1468, 1472, 1482, 1485, 1486, 1488, 1492, 1493, 1497, 1498, 1501, 1503, 1504, 1506, 1507, 1509, 1511, 1512, 1516, 1518, 1519, 1522, 1525, 1526, 1529, 1538, 1540, 1541, 1542, 1544, 1557, 1558, 1560, 1561, 1563, 1565, 1568, 1569]
###########
Solution: 7
Time: 8.039000034332275
Objectives: [661.0 1.065342e6; 653.0 1.071842e6; 665.0 1.056846e6; 662.0 1.063469e6; 658.0 1.069686e6; 655.0000005381501 1.0702080000522006e6; 660.0 1.067131e6; 659.0 1.067897e6; 663.0 1.060508e6; 655.0 1.070574e6; 664.0 1.058719e6; 654.0 1.071706e6; 657.0 1.069822e6]
Centers: [19, 158, 164, 217, 294, 378, 407, 413, 814, 847, 1038, 1058, 1103, 1124, 1222, 1255, 1291, 1301, 1493, 1541]
Points: [9, 10, 12, 13, 14, 15, 16, 18, 19, 20, 23, 26, 27, 36, 38, 41, 43, 55, 57, 58, 60, 66, 70, 71, 75, 76, 77, 83, 84, 85, 86, 90, 93, 94, 96, 98, 100, 101, 106, 107, 108, 109, 110, 111, 112, 113, 114, 120, 123, 139, 143, 144, 146, 147, 149, 150, 151, 152, 153, 154, 156, 158, 160, 161, 163, 164, 165, 167, 169, 172, 176, 179, 180, 183, 184, 185, 186, 187, 189, 190, 192, 194, 201, 203, 204, 206, 207, 208, 209, 210, 211, 214, 215, 216, 217, 218, 219, 221, 222, 226, 227, 232, 255, 256, 257, 259, 260, 262, 263, 264, 265, 266, 267, 268, 270, 271, 272, 273, 274, 275, 276, 277, 279, 280, 282, 283, 284, 285, 286, 287, 288, 289, 292, 293, 294, 295, 304, 305, 323, 324, 328, 329, 332, 334, 335, 336, 340, 348, 350, 356, 359, 360, 361, 362, 365, 366, 368, 369, 370, 373, 376, 377, 378, 384, 387, 388, 389, 391, 395, 396, 403, 404, 405, 406, 407, 408, 409, 410, 411, 412, 413, 414, 426, 432, 433, 434, 439, 440, 442, 451, 453, 454, 459, 460, 462, 463, 466, 468, 472, 473, 476, 477, 482, 485, 487, 494, 495, 502, 538, 540, 541, 543, 563, 570, 572, 577, 578, 579, 580, 581, 582, 589, 590, 591, 593, 598, 606, 607, 608, 610, 611, 612, 614, 615, 616, 617, 622, 623, 624, 626, 627, 628, 629, 632, 638, 639, 643, 646, 647, 649, 650, 651, 652, 653, 654, 655, 663, 664, 665, 667, 671, 676, 677, 682, 683, 684, 685, 686, 687, 688, 689, 692, 695, 696, 700, 703, 707, 708, 710, 711, 714, 716, 724, 725, 726, 727, 728, 729, 731, 733, 734, 736, 737, 738, 744, 745, 746, 749, 751, 753, 754, 758, 759, 760, 763, 764, 768, 769, 771, 772, 787, 791, 792, 793, 801, 803, 804, 805, 806, 808, 809, 810, 811, 812, 813, 814, 816, 817, 819, 827, 829, 831, 832, 833, 834, 835, 836, 838, 839, 842, 843, 844, 845, 846, 847, 848, 849, 850, 851, 852, 854, 855, 856, 860, 861, 863, 869, 871, 873, 874, 893, 894, 903, 904, 905, 908, 910, 911, 912, 914, 915, 916, 917, 918, 924, 936, 937, 938, 939, 940, 941, 942, 948, 951, 952, 953, 954, 958, 959, 960, 961, 965, 969, 977, 978, 979, 980, 982, 983, 994, 996, 997, 1000, 1002, 1004, 1010, 1011, 1012, 1013, 1015, 1016, 1017, 1018, 1019, 1020, 1021, 1024, 1027, 1028, 1030, 1031, 1032, 1033, 1034, 1035, 1036, 1037, 1038, 1043, 1044, 1045, 1046, 1048, 1055, 1056, 1057, 1058, 1059, 1060, 1061, 1062, 1063, 1064, 1068, 1069, 1074, 1075, 1076, 1077, 1078, 1079, 1080, 1087, 1088, 1089, 1090, 1092, 1093, 1094, 1097, 1098, 1102, 1103, 1104, 1105, 1106, 1107, 1108, 1111, 1113, 1115, 1116, 1117, 1120, 1121, 1123, 1124, 1125, 1126, 1127, 1129, 1136, 1139, 1140, 1141, 1142, 1143, 1150, 1152, 1153, 1173, 1177, 1178, 1183, 1184, 1185, 1186, 1187, 1188, 1190, 1191, 1198, 1199, 1200, 1201, 1209, 1211, 1214, 1215, 1216, 1217, 1219, 1220, 1222, 1226, 1228, 1235, 1236, 1237, 1239, 1240, 1242, 1243, 1244, 1245, 1246, 1247, 1248, 1249, 1250, 1254, 1255, 1256, 1257, 1258, 1260, 1262, 1265, 1266, 1269, 1270, 1271, 1281, 1283, 1284, 1285, 1287, 1291, 1292, 1293, 1299, 1300, 1301, 1302, 1305, 1306, 1307, 1308, 1309, 1311, 1312, 1314, 1318, 1319, 1324, 1325, 1326, 1329, 1330, 1341, 1343, 1345, 1347, 1350, 1351, 1352, 1355, 1356, 1357, 1358, 1367, 1371, 1373, 1374, 1377, 1382, 1385, 1386, 1387, 1388, 1392, 1393, 1394, 1398, 1406, 1412, 1413, 1418, 1419, 1421, 1422, 1424, 1425, 1426, 1428, 1429, 1442, 1444, 1445, 1448, 1454, 1455, 1456, 1457, 1458, 1464, 1465, 1467, 1468, 1472, 1480, 1482, 1483, 1485, 1486, 1488, 1492, 1493, 1497, 1498, 1501, 1503, 1504, 1506, 1507, 1509, 1511, 1512, 1513, 1516, 1518, 1519, 1522, 1525, 1526, 1529, 1537, 1538, 1540, 1541, 1544, 1557, 1558, 1559, 1560, 1561, 1563, 1565, 1568, 1569]
###########
Solution: 8
Time: 8.039000034332275
Objectives: [661.0 1.065342e6; 653.0 1.071842e6; 665.0 1.056846e6; 662.0 1.063469e6; 658.0 1.069686e6; 655.0000005381501 1.0702080000522006e6; 660.0 1.067131e6; 659.0 1.067897e6; 663.0 1.060508e6; 655.0 1.070574e6; 664.0 1.058719e6; 654.0 1.071706e6; 657.0 1.069822e6]
Centers: [19, 158, 217, 294, 378, 407, 413, 582, 814, 847, 1038, 1058, 1103, 1124, 1222, 1291, 1301, 1472, 1493, 1541]
Points: [9, 10, 12, 13, 14, 15, 16, 18, 19, 20, 23, 27, 36, 38, 41, 43, 55, 57, 58, 59, 60, 61, 65, 66, 70, 71, 76, 77, 83, 84, 85, 86, 90, 93, 94, 96, 97, 98, 100, 101, 106, 107, 108, 109, 110, 111, 112, 113, 114, 120, 123, 139, 143, 144, 146, 147, 149, 150, 151, 152, 153, 154, 156, 158, 160, 161, 163, 164, 165, 167, 169, 172, 176, 179, 180, 183, 184, 185, 186, 187, 189, 190, 192, 194, 201, 203, 204, 206, 207, 208, 209, 210, 211, 214, 215, 216, 217, 218, 219, 221, 222, 226, 227, 232, 255, 256, 257, 259, 260, 262, 263, 264, 265, 266, 267, 268, 270, 271, 272, 273, 274, 275, 276, 277, 279, 280, 282, 283, 284, 285, 286, 287, 288, 289, 292, 293, 294, 295, 304, 305, 323, 324, 328, 329, 332, 334, 335, 336, 340, 348, 350, 356, 359, 360, 361, 362, 365, 366, 368, 369, 370, 373, 376, 377, 378, 384, 387, 388, 389, 391, 395, 396, 403, 404, 405, 406, 407, 408, 409, 410, 411, 412, 413, 414, 426, 432, 433, 434, 439, 440, 442, 451, 453, 454, 459, 460, 462, 463, 464, 466, 468, 472, 473, 476, 477, 482, 485, 487, 494, 495, 502, 538, 540, 541, 543, 563, 570, 572, 577, 578, 579, 580, 581, 582, 589, 590, 591, 593, 598, 606, 607, 608, 610, 611, 612, 614, 615, 617, 622, 623, 624, 626, 627, 628, 629, 632, 638, 639, 643, 646, 647, 649, 650, 651, 652, 653, 654, 655, 663, 664, 665, 667, 671, 676, 677, 682, 683, 684, 685, 686, 687, 688, 689, 692, 695, 696, 700, 703, 707, 708, 710, 711, 714, 716, 724, 725, 726, 727, 728, 729, 731, 733, 734, 736, 737, 738, 744, 745, 746, 749, 751, 753, 754, 758, 759, 760, 763, 764, 768, 769, 771, 787, 791, 792, 793, 801, 803, 804, 805, 806, 808, 809, 810, 811, 812, 813, 814, 816, 817, 819, 827, 829, 831, 832, 833, 834, 835, 836, 838, 839, 842, 843, 844, 845, 846, 847, 848, 849, 850, 851, 852, 854, 855, 856, 860, 861, 863, 869, 871, 873, 874, 882, 893, 894, 903, 904, 905, 908, 910, 911, 912, 914, 915, 916, 917, 918, 924, 935, 936, 937, 938, 939, 940, 941, 942, 948, 951, 952, 953, 954, 958, 959, 960, 961, 965, 969, 977, 978, 979, 980, 982, 983, 994, 996, 997, 1000, 1002, 1004, 1010, 1011, 1012, 1013, 1015, 1016, 1017, 1018, 1019, 1020, 1021, 1024, 1027, 1028, 1030, 1031, 1032, 1033, 1034, 1035, 1036, 1037, 1038, 1043, 1044, 1045, 1046, 1048, 1055, 1056, 1057, 1058, 1059, 1060, 1061, 1062, 1063, 1064, 1068, 1074, 1075, 1076, 1077, 1078, 1079, 1080, 1087, 1088, 1089, 1090, 1092, 1093, 1094, 1097, 1098, 1102, 1103, 1104, 1105, 1106, 1107, 1108, 1111, 1113, 1115, 1116, 1117, 1120, 1121, 1123, 1124, 1125, 1126, 1127, 1129, 1136, 1139, 1140, 1141, 1142, 1143, 1150, 1152, 1153, 1173, 1177, 1178, 1183, 1184, 1185, 1186, 1187, 1188, 1190, 1191, 1198, 1199, 1200, 1201, 1209, 1211, 1214, 1215, 1216, 1217, 1219, 1220, 1222, 1226, 1228, 1235, 1236, 1237, 1239, 1240, 1242, 1243, 1244, 1246, 1247, 1248, 1249, 1250, 1254, 1255, 1256, 1257, 1258, 1263, 1265, 1266, 1271, 1281, 1283, 1284, 1285, 1287, 1291, 1292, 1293, 1299, 1300, 1301, 1302, 1305, 1306, 1307, 1308, 1309, 1311, 1312, 1314, 1318, 1319, 1324, 1325, 1326, 1329, 1330, 1333, 1334, 1341, 1343, 1345, 1347, 1350, 1351, 1352, 1355, 1356, 1357, 1358, 1367, 1371, 1373, 1374, 1377, 1382, 1385, 1386, 1387, 1388, 1392, 1393, 1394, 1398, 1406, 1412, 1413, 1418, 1419, 1421, 1422, 1424, 1425, 1426, 1428, 1429, 1433, 1442, 1448, 1454, 1455, 1456, 1457, 1458, 1464, 1465, 1467, 1468, 1472, 1482, 1485, 1486, 1488, 1492, 1493, 1497, 1498, 1501, 1503, 1504, 1506, 1507, 1509, 1511, 1512, 1513, 1516, 1518, 1519, 1522, 1525, 1526, 1529, 1535, 1537, 1538, 1539, 1540, 1541, 1544, 1557, 1558, 1559, 1560, 1561, 1563, 1565, 1568, 1569]
###########
Solution: 9
Time: 8.039000034332275
Objectives: [661.0 1.065342e6; 653.0 1.071842e6; 665.0 1.056846e6; 662.0 1.063469e6; 658.0 1.069686e6; 655.0000005381501 1.0702080000522006e6; 660.0 1.067131e6; 659.0 1.067897e6; 663.0 1.060508e6; 655.0 1.070574e6; 664.0 1.058719e6; 654.0 1.071706e6; 657.0 1.069822e6]
Centers: [19, 158, 164, 217, 324, 378, 407, 413, 814, 847, 1038, 1058, 1103, 1124, 1255, 1291, 1301, 1493, 1541, 1564]
Points: [9, 10, 12, 13, 14, 15, 16, 18, 19, 20, 23, 26, 27, 36, 38, 41, 43, 55, 57, 58, 60, 66, 70, 71, 75, 76, 77, 83, 84, 85, 87, 90, 93, 94, 96, 98, 100, 101, 106, 107, 108, 109, 110, 111, 112, 113, 114, 120, 122, 123, 139, 143, 144, 146, 147, 149, 150, 151, 152, 153, 154, 156, 158, 160, 161, 163, 164, 165, 167, 169, 172, 176, 179, 180, 183, 201, 203, 204, 206, 207, 208, 209, 210, 211, 214, 215, 216, 217, 218, 219, 221, 222, 226, 227, 232, 242, 255, 256, 257, 259, 260, 262, 263, 264, 265, 266, 267, 268, 270, 271, 272, 273, 274, 275, 276, 277, 279, 280, 282, 283, 284, 285, 286, 287, 288, 289, 292, 293, 294, 295, 304, 305, 321, 322, 323, 324, 325, 327, 328, 332, 334, 335, 336, 340, 348, 350, 356, 359, 360, 361, 362, 365, 368, 369, 370, 373, 376, 377, 378, 384, 387, 388, 389, 391, 395, 396, 403, 404, 405, 406, 407, 408, 409, 410, 411, 412, 413, 414, 426, 432, 433, 434, 439, 440, 442, 451, 453, 454, 458, 459, 460, 462, 463, 466, 468, 472, 473, 476, 477, 482, 485, 487, 494, 495, 502, 532, 538, 540, 541, 543, 563, 570, 572, 577, 578, 579, 580, 581, 582, 589, 590, 591, 592, 593, 598, 599, 600, 606, 607, 608, 610, 611, 612, 614, 615, 616, 617, 622, 624, 626, 627, 628, 632, 638, 639, 643, 646, 647, 649, 650, 651, 652, 653, 654, 655, 663, 664, 665, 671, 676, 677, 682, 683, 684, 685, 686, 687, 688, 689, 692, 695, 696, 699, 700, 703, 707, 708, 710, 711, 713, 714, 716, 724, 725, 726, 727, 728, 729, 731, 733, 734, 737, 738, 744, 745, 746, 749, 751, 753, 754, 758, 759, 760, 763, 764, 766, 768, 769, 771, 772, 787, 791, 792, 793, 801, 803, 804, 805, 806, 808, 809, 810, 811, 812, 813, 814, 816, 817, 819, 827, 831, 832, 833, 834, 835, 836, 838, 839, 842, 843, 844, 845, 846, 847, 848, 849, 850, 851, 852, 854, 855, 856, 860, 861, 863, 869, 871, 873, 874, 893, 894, 903, 904, 905, 908, 910, 911, 912, 914, 915, 916, 917, 918, 924, 936, 937, 938, 939, 940, 941, 942, 943, 948, 951, 952, 953, 954, 955, 956, 958, 959, 960, 961, 965, 969, 977, 978, 979, 980, 982, 983, 990, 991, 994, 996, 997, 1000, 1002, 1004, 1010, 1011, 1012, 1013, 1015, 1016, 1017, 1018, 1019, 1020, 1021, 1024, 1027, 1028, 1030, 1031, 1032, 1033, 1034, 1035, 1036, 1037, 1038, 1043, 1044, 1045, 1046, 1055, 1056, 1057, 1058, 1059, 1060, 1061, 1062, 1063, 1064, 1068, 1069, 1074, 1075, 1076, 1077, 1078, 1079, 1080, 1087, 1088, 1089, 1090, 1092, 1093, 1094, 1097, 1098, 1102, 1103, 1104, 1105, 1106, 1107, 1108, 1111, 1115, 1116, 1117, 1120, 1121, 1123, 1124, 1125, 1126, 1127, 1129, 1136, 1139, 1140, 1141, 1142, 1143, 1150, 1151, 1152, 1153, 1154, 1173, 1177, 1178, 1183, 1184, 1185, 1186, 1187, 1188, 1190, 1191, 1198, 1199, 1200, 1209, 1211, 1214, 1215, 1216, 1217, 1219, 1220, 1228, 1235, 1236, 1237, 1239, 1240, 1242, 1243, 1244, 1245, 1246, 1247, 1248, 1249, 1250, 1254, 1255, 1256, 1257, 1258, 1260, 1262, 1265, 1266, 1269, 1270, 1271, 1281, 1283, 1285, 1287, 1291, 1292, 1293, 1299, 1300, 1301, 1302, 1305, 1306, 1307, 1308, 1309, 1311, 1312, 1314, 1318, 1319, 1320, 1321, 1323, 1324, 1325, 1326, 1329, 1330, 1339, 1341, 1342, 1343, 1345, 1347, 1350, 1351, 1352, 1355, 1356, 1357, 1358, 1367, 1371, 1373, 1385, 1386, 1387, 1388, 1392, 1393, 1394, 1398, 1406, 1412, 1413, 1418, 1419, 1421, 1422, 1424, 1425, 1426, 1428, 1429, 1442, 1444, 1445, 1448, 1454, 1455, 1456, 1457, 1458, 1464, 1465, 1467, 1468, 1472, 1480, 1482, 1483, 1485, 1486, 1488, 1492, 1493, 1497, 1498, 1501, 1503, 1504, 1506, 1507, 1509, 1511, 1512, 1513, 1518, 1519, 1522, 1525, 1526, 1529, 1537, 1538, 1540, 1541, 1544, 1557, 1558, 1559, 1560, 1561, 1562, 1563, 1564, 1565, 1568, 1569]
###########
Solution: 10
Time: 8.039000034332275
Objectives: [661.0 1.065342e6; 653.0 1.071842e6; 665.0 1.056846e6; 662.0 1.063469e6; 658.0 1.069686e6; 655.0000005381501 1.0702080000522006e6; 660.0 1.067131e6; 659.0 1.067897e6; 663.0 1.060508e6; 655.0 1.070574e6; 664.0 1.058719e6; 654.0 1.071706e6; 657.0 1.069822e6]
Centers: [19, 76, 97, 126, 158, 217, 294, 378, 407, 413, 947, 1002, 1038, 1058, 1103, 1124, 1222, 1301, 1493, 1541]
Points: [9, 10, 12, 13, 14, 15, 16, 18, 19, 20, 22, 23, 27, 36, 41, 43, 55, 56, 58, 59, 60, 62, 66, 67, 69, 70, 71, 73, 76, 83, 84, 86, 88, 90, 94, 96, 97, 100, 101, 106, 107, 108, 109, 110, 111, 112, 113, 114, 117, 120, 123, 126, 127, 143, 144, 146, 147, 149, 151, 152, 153, 154, 157, 158, 160, 161, 162, 163, 165, 167, 169, 172, 173, 174, 176, 179, 180, 183, 184, 185, 186, 187, 189, 190, 192, 194, 201, 203, 204, 206, 207, 208, 209, 210, 211, 214, 215, 216, 217, 218, 219, 221, 222, 226, 227, 232, 255, 256, 257, 259, 260, 262, 263, 264, 265, 266, 267, 268, 270, 271, 272, 273, 274, 275, 276, 277, 279, 280, 282, 283, 284, 285, 286, 287, 288, 289, 292, 293, 294, 295, 304, 323, 324, 328, 329, 332, 334, 335, 336, 340, 348, 350, 356, 359, 360, 361, 362, 365, 366, 368, 369, 370, 373, 376, 377, 378, 384, 387, 388, 389, 391, 395, 396, 403, 404, 405, 406, 407, 408, 409, 410, 411, 412, 413, 414, 426, 432, 433, 434, 439, 440, 442, 451, 453, 454, 459, 460, 461, 462, 463, 464, 467, 468, 472, 473, 476, 477, 482, 485, 487, 494, 495, 538, 540, 541, 563, 572, 577, 578, 579, 580, 581, 589, 590, 591, 601, 603, 606, 607, 608, 610, 614, 616, 622, 623, 624, 626, 627, 628, 629, 632, 638, 639, 643, 646, 647, 649, 650, 651, 652, 653, 654, 655, 663, 664, 665, 667, 671, 676, 677, 682, 683, 684, 685, 686, 687, 688, 689, 692, 695, 696, 700, 703, 707, 708, 710, 711, 714, 716, 724, 725, 726, 728, 729, 730, 731, 733, 734, 736, 737, 738, 744, 745, 746, 749, 750, 751, 753, 754, 758, 759, 760, 763, 764, 768, 769, 771, 787, 792, 793, 801, 803, 804, 805, 806, 807, 808, 809, 810, 811, 812, 813, 814, 816, 817, 819, 827, 829, 831, 832, 833, 834, 835, 836, 838, 839, 842, 847, 848, 849, 850, 851, 852, 854, 855, 856, 861, 863, 869, 871, 872, 873, 874, 893, 894, 903, 904, 905, 908, 910, 912, 914, 915, 916, 917, 918, 924, 930, 931, 933, 938, 939, 940, 941, 942, 944, 945, 946, 947, 948, 951, 953, 954, 958, 959, 960, 961, 965, 969, 975, 976, 978, 979, 980, 982, 983, 989, 994, 996, 997, 999, 1000, 1001, 1002, 1003, 1004, 1010, 1011, 1012, 1013, 1015, 1016, 1017, 1018, 1019, 1020, 1021, 1024, 1027, 1028, 1030, 1031, 1032, 1033, 1034, 1035, 1036, 1037, 1038, 1043, 1044, 1045, 1048, 1056, 1057, 1058, 1059, 1060, 1061, 1062, 1063, 1064, 1068, 1069, 1074, 1075, 1076, 1077, 1078, 1079, 1080, 1087, 1088, 1089, 1090, 1091, 1092, 1093, 1097, 1098, 1102, 1103, 1104, 1105, 1106, 1107, 1108, 1111, 1113, 1115, 1116, 1117, 1123, 1124, 1125, 1126, 1127, 1129, 1136, 1139, 1140, 1141, 1142, 1143, 1150, 1152, 1153, 1166, 1173, 1177, 1178, 1183, 1184, 1185, 1186, 1187, 1190, 1191, 1198, 1199, 1200, 1201, 1209, 1212, 1213, 1214, 1215, 1216, 1217, 1219, 1220, 1222, 1226, 1228, 1235, 1236, 1237, 1239, 1240, 1242, 1243, 1244, 1246, 1247, 1248, 1249, 1250, 1251, 1252, 1253, 1256, 1257, 1258, 1263, 1265, 1271, 1283, 1284, 1285, 1299, 1300, 1301, 1302, 1305, 1306, 1307, 1308, 1309, 1311, 1312, 1313, 1314, 1318, 1319, 1324, 1325, 1326, 1327, 1329, 1330, 1331, 1333, 1334, 1335, 1336, 1340, 1341, 1343, 1345, 1347, 1350, 1351, 1352, 1355, 1356, 1357, 1358, 1367, 1371, 1373, 1374, 1377, 1382, 1385, 1386, 1387, 1388, 1392, 1393, 1394, 1398, 1406, 1412, 1413, 1418, 1419, 1421, 1422, 1424, 1425, 1426, 1427, 1428, 1429, 1442, 1444, 1445, 1448, 1453, 1454, 1455, 1456, 1457, 1458, 1464, 1465, 1467, 1468, 1472, 1482, 1485, 1486, 1488, 1492, 1493, 1497, 1498, 1501, 1503, 1504, 1506, 1507, 1509, 1511, 1512, 1516, 1518, 1519, 1522, 1525, 1526, 1529, 1538, 1540, 1541, 1542, 1544, 1557, 1558, 1560, 1561, 1563, 1565, 1568, 1569]
###########
Solution: 11
Time: 8.039000034332275
Objectives: [661.0 1.065342e6; 653.0 1.071842e6; 665.0 1.056846e6; 662.0 1.063469e6; 658.0 1.069686e6; 655.0000005381501 1.0702080000522006e6; 660.0 1.067131e6; 659.0 1.067897e6; 663.0 1.060508e6; 655.0 1.070574e6; 664.0 1.058719e6; 654.0 1.071706e6; 657.0 1.069822e6]
Centers: [19, 158, 217, 324, 378, 407, 413, 582, 814, 847, 1038, 1058, 1103, 1124, 1255, 1291, 1301, 1493, 1541, 1564]
Points: [9, 10, 12, 13, 14, 15, 16, 18, 19, 20, 23, 26, 27, 36, 38, 41, 43, 55, 57, 58, 60, 65, 66, 70, 71, 76, 77, 83, 84, 85, 87, 90, 93, 94, 96, 98, 100, 101, 106, 107, 108, 109, 110, 111, 112, 113, 114, 120, 122, 123, 139, 143, 144, 146, 147, 149, 150, 151, 152, 153, 154, 156, 158, 160, 161, 163, 164, 165, 167, 169, 172, 176, 179, 180, 183, 201, 203, 204, 206, 207, 208, 209, 210, 211, 214, 215, 216, 217, 218, 219, 221, 222, 226, 227, 232, 242, 255, 256, 257, 259, 260, 262, 263, 264, 265, 266, 267, 268, 270, 271, 272, 273, 274, 275, 276, 277, 279, 280, 282, 283, 284, 285, 286, 287, 288, 289, 292, 293, 294, 295, 304, 305, 321, 322, 323, 324, 325, 327, 328, 332, 334, 335, 336, 340, 348, 350, 356, 359, 360, 361, 362, 365, 368, 369, 370, 373, 376, 377, 378, 384, 387, 388, 389, 391, 395, 396, 403, 404, 405, 406, 407, 408, 409, 410, 411, 412, 413, 414, 426, 432, 433, 434, 439, 440, 442, 451, 453, 454, 458, 459, 460, 462, 463, 466, 468, 472, 473, 476, 477, 482, 485, 487, 494, 495, 502, 532, 538, 540, 541, 543, 563, 570, 572, 577, 578, 579, 580, 581, 582, 589, 590, 591, 592, 593, 598, 599, 600, 606, 607, 608, 610, 611, 612, 614, 615, 617, 622, 624, 626, 627, 628, 632, 638, 639, 643, 646, 647, 649, 650, 651, 652, 653, 654, 655, 663, 664, 665, 671, 676, 677, 682, 683, 684, 685, 686, 687, 688, 689, 692, 695, 696, 699, 700, 703, 707, 708, 710, 711, 713, 714, 716, 724, 725, 726, 727, 728, 729, 731, 733, 734, 737, 738, 744, 745, 746, 749, 751, 753, 754, 758, 759, 760, 763, 764, 766, 768, 769, 771, 772, 787, 791, 792, 793, 801, 803, 804, 805, 806, 808, 809, 810, 811, 812, 813, 814, 816, 817, 819, 827, 831, 832, 833, 834, 835, 836, 838, 839, 842, 843, 844, 845, 846, 847, 848, 849, 850, 851, 852, 854, 855, 856, 860, 861, 863, 869, 871, 873, 874, 882, 893, 894, 903, 904, 905, 908, 910, 911, 912, 914, 915, 916, 917, 918, 924, 935, 936, 937, 938, 939, 940, 941, 942, 943, 948, 951, 952, 953, 954, 955, 956, 958, 959, 960, 961, 965, 969, 977, 978, 979, 980, 982, 983, 990, 991, 994, 996, 997, 1000, 1002, 1004, 1010, 1011, 1012, 1013, 1015, 1016, 1017, 1018, 1019, 1020, 1021, 1024, 1027, 1028, 1030, 1031, 1032, 1033, 1034, 1035, 1036, 1037, 1038, 1043, 1044, 1045, 1046, 1055, 1056, 1057, 1058, 1059, 1060, 1061, 1062, 1063, 1064, 1068, 1074, 1075, 1076, 1077, 1078, 1079, 1080, 1087, 1088, 1089, 1090, 1092, 1093, 1094, 1097, 1098, 1102, 1103, 1104, 1105, 1106, 1107, 1108, 1111, 1115, 1116, 1117, 1120, 1121, 1123, 1124, 1125, 1126, 1127, 1129, 1136, 1139, 1140, 1141, 1142, 1143, 1150, 1151, 1152, 1153, 1154, 1173, 1177, 1178, 1183, 1184, 1185, 1186, 1187, 1188, 1190, 1191, 1198, 1199, 1200, 1209, 1211, 1214, 1215, 1216, 1217, 1219, 1220, 1228, 1235, 1236, 1237, 1239, 1240, 1242, 1243, 1244, 1245, 1246, 1247, 1248, 1249, 1250, 1254, 1255, 1256, 1257, 1258, 1260, 1262, 1265, 1266, 1269, 1270, 1271, 1281, 1283, 1285, 1287, 1291, 1292, 1293, 1299, 1300, 1301, 1302, 1305, 1306, 1307, 1308, 1309, 1311, 1312, 1314, 1318, 1319, 1320, 1321, 1323, 1324, 1325, 1326, 1329, 1330, 1339, 1341, 1342, 1343, 1345, 1347, 1350, 1351, 1352, 1355, 1356, 1357, 1358, 1367, 1371, 1373, 1385, 1386, 1387, 1388, 1392, 1393, 1394, 1398, 1406, 1412, 1413, 1418, 1419, 1421, 1422, 1424, 1425, 1426, 1428, 1429, 1433, 1442, 1448, 1454, 1455, 1456, 1457, 1458, 1464, 1465, 1467, 1468, 1472, 1480, 1482, 1483, 1485, 1486, 1488, 1492, 1493, 1497, 1498, 1501, 1503, 1504, 1506, 1507, 1509, 1511, 1512, 1513, 1518, 1519, 1522, 1525, 1526, 1529, 1535, 1537, 1538, 1539, 1540, 1541, 1544, 1557, 1558, 1559, 1560, 1561, 1562, 1563, 1564, 1565, 1568, 1569]
###########
Solution: 12
Time: 8.039000034332275
Objectives: [661.0 1.065342e6; 653.0 1.071842e6; 665.0 1.056846e6; 662.0 1.063469e6; 658.0 1.069686e6; 655.0000005381501 1.0702080000522006e6; 660.0 1.067131e6; 659.0 1.067897e6; 663.0 1.060508e6; 655.0 1.070574e6; 664.0 1.058719e6; 654.0 1.071706e6; 657.0 1.069822e6]
Centers: [19, 76, 97, 126, 158, 217, 294, 378, 407, 413, 976, 1002, 1038, 1058, 1103, 1124, 1222, 1301, 1493, 1541]
Points: [9, 10, 12, 13, 14, 15, 16, 18, 19, 20, 22, 23, 27, 36, 41, 43, 55, 56, 58, 59, 60, 62, 66, 67, 69, 70, 71, 73, 76, 83, 84, 86, 88, 90, 94, 96, 97, 100, 101, 106, 107, 108, 109, 110, 111, 112, 113, 114, 117, 120, 123, 126, 127, 143, 144, 146, 147, 149, 151, 152, 153, 154, 158, 160, 161, 163, 165, 167, 172, 173, 174, 176, 179, 180, 183, 184, 185, 186, 187, 189, 190, 192, 194, 201, 203, 204, 206, 207, 208, 209, 210, 211, 214, 215, 216, 217, 218, 219, 221, 222, 226, 227, 232, 255, 256, 257, 259, 260, 262, 263, 264, 265, 266, 267, 268, 270, 271, 272, 273, 274, 275, 276, 277, 279, 280, 282, 283, 284, 285, 286, 287, 288, 289, 292, 293, 294, 295, 304, 323, 324, 328, 329, 332, 334, 335, 336, 340, 348, 350, 356, 359, 360, 361, 362, 365, 366, 368, 369, 370, 373, 376, 377, 378, 384, 387, 388, 389, 391, 395, 396, 403, 404, 405, 406, 407, 408, 409, 410, 411, 412, 413, 414, 426, 432, 433, 434, 439, 440, 442, 451, 453, 454, 459, 460, 461, 462, 463, 464, 467, 468, 472, 473, 476, 477, 482, 485, 487, 494, 495, 521, 538, 540, 541, 563, 572, 577, 578, 579, 580, 581, 589, 590, 591, 601, 606, 607, 608, 610, 614, 616, 622, 623, 624, 626, 627, 628, 629, 632, 638, 639, 643, 646, 647, 649, 650, 651, 652, 653, 654, 655, 663, 664, 665, 667, 671, 676, 677, 682, 683, 684, 685, 686, 687, 688, 689, 692, 695, 696, 700, 703, 707, 708, 710, 711, 714, 716, 724, 725, 726, 728, 729, 730, 731, 733, 734, 736, 737, 738, 744, 745, 746, 749, 750, 751, 753, 754, 758, 759, 760, 763, 764, 768, 769, 771, 787, 792, 793, 801, 803, 804, 805, 806, 807, 808, 809, 810, 811, 812, 813, 814, 816, 817, 819, 827, 829, 831, 832, 833, 834, 835, 836, 838, 839, 842, 847, 848, 849, 850, 851, 852, 854, 855, 856, 861, 863, 869, 871, 872, 873, 874, 893, 894, 903, 904, 905, 908, 910, 912, 914, 915, 916, 917, 918, 924, 930, 931, 932, 933, 938, 939, 940, 941, 942, 944, 945, 946, 947, 948, 951, 953, 954, 958, 959, 960, 961, 965, 969, 975, 976, 978, 979, 980, 982, 983, 989, 994, 996, 997, 999, 1000, 1001, 1002, 1003, 1004, 1010, 1011, 1012, 1013, 1015, 1016, 1017, 1018, 1019, 1020, 1021, 1024, 1027, 1028, 1030, 1031, 1032, 1033, 1034, 1035, 1036, 1037, 1038, 1043, 1044, 1045, 1048, 1056, 1057, 1058, 1059, 1060, 1061, 1062, 1063, 1064, 1068, 1069, 1074, 1075, 1076, 1077, 1078, 1079, 1080, 1087, 1088, 1089, 1090, 1091, 1092, 1093, 1097, 1098, 1102, 1103, 1104, 1105, 1106, 1107, 1108, 1111, 1113, 1115, 1116, 1117, 1123, 1124, 1125, 1126, 1127, 1129, 1136, 1139, 1140, 1141, 1142, 1143, 1150, 1152, 1153, 1166, 1173, 1177, 1178, 1183, 1184, 1185, 1186, 1187, 1190, 1191, 1198, 1199, 1200, 1201, 1209, 1212, 1213, 1214, 1215, 1216, 1217, 1219, 1220, 1222, 1226, 1228, 1235, 1236, 1237, 1239, 1240, 1242, 1243, 1244, 1246, 1247, 1248, 1249, 1250, 1251, 1252, 1253, 1256, 1257, 1258, 1263, 1265, 1271, 1281, 1283, 1284, 1285, 1299, 1300, 1301, 1302, 1305, 1306, 1307, 1308, 1309, 1311, 1312, 1313, 1314, 1318, 1319, 1324, 1325, 1326, 1327, 1329, 1330, 1331, 1333, 1334, 1335, 1336, 1340, 1341, 1343, 1345, 1347, 1350, 1351, 1352, 1355, 1356, 1357, 1358, 1367, 1371, 1373, 1374, 1377, 1382, 1385, 1386, 1387, 1388, 1392, 1393, 1394, 1398, 1406, 1412, 1413, 1418, 1419, 1421, 1422, 1424, 1425, 1426, 1427, 1428, 1429, 1442, 1444, 1445, 1448, 1453, 1454, 1455, 1456, 1457, 1458, 1464, 1465, 1467, 1468, 1472, 1482, 1485, 1486, 1488, 1492, 1493, 1497, 1498, 1501, 1503, 1504, 1506, 1507, 1509, 1511, 1512, 1516, 1518, 1519, 1522, 1525, 1526, 1529, 1538, 1540, 1541, 1542, 1544, 1557, 1558, 1560, 1561, 1563, 1565, 1568, 1569]
###########
Solution: 13
Time: 8.039000034332275
Objectives: [661.0 1.065342e6; 653.0 1.071842e6; 665.0 1.056846e6; 662.0 1.063469e6; 658.0 1.069686e6; 655.0000005381501 1.0702080000522006e6; 660.0 1.067131e6; 659.0 1.067897e6; 663.0 1.060508e6; 655.0 1.070574e6; 664.0 1.058719e6; 654.0 1.071706e6; 657.0 1.069822e6]
Centers: [19, 158, 164, 217, 294, 329, 378, 407, 413, 814, 847, 1038, 1058, 1103, 1124, 1291, 1301, 1472, 1493, 1541]
Points: [9, 10, 12, 13, 14, 15, 16, 18, 19, 20, 23, 27, 36, 38, 41, 43, 55, 57, 58, 59, 60, 61, 66, 70, 71, 75, 76, 77, 83, 84, 85, 86, 90, 93, 94, 96, 97, 98, 100, 101, 106, 107, 108, 109, 110, 111, 112, 113, 114, 120, 123, 139, 143, 144, 146, 147, 149, 150, 151, 152, 153, 154, 156, 158, 160, 161, 163, 164, 165, 167, 169, 172, 176, 179, 180, 183, 184, 185, 187, 190, 191, 192, 193, 194, 201, 203, 204, 206, 207, 208, 209, 210, 211, 214, 215, 216, 217, 218, 219, 221, 222, 226, 227, 232, 255, 256, 257, 259, 260, 262, 263, 264, 265, 266, 267, 268, 270, 271, 272, 273, 274, 275, 276, 277, 279, 280, 282, 283, 284, 285, 286, 287, 288, 289, 291, 292, 293, 294, 295, 304, 305, 323, 324, 328, 329, 332, 334, 335, 336, 340, 348, 350, 356, 359, 360, 361, 362, 365, 368, 369, 370, 373, 376, 377, 378, 384, 387, 388, 389, 391, 395, 396, 403, 404, 405, 406, 407, 408, 409, 410, 411, 412, 413, 414, 426, 432, 433, 434, 439, 440, 442, 451, 453, 454, 459, 460, 462, 463, 464, 466, 468, 472, 473, 476, 477, 482, 485, 487, 494, 495, 502, 538, 540, 541, 543, 563, 570, 572, 577, 578, 579, 580, 581, 582, 589, 590, 591, 593, 598, 606, 607, 608, 610, 611, 612, 614, 615, 616, 617, 622, 623, 624, 626, 627, 628, 632, 634, 638, 639, 643, 646, 647, 649, 650, 651, 652, 653, 654, 655, 663, 664, 665, 671, 676, 677, 682, 683, 684, 685, 686, 687, 688, 689, 692, 695, 696, 700, 703, 707, 708, 710, 711, 714, 716, 724, 725, 726, 727, 728, 729, 731, 733, 734, 737, 738, 744, 745, 746, 749, 751, 753, 754, 758, 759, 760, 763, 764, 768, 769, 771, 787, 791, 792, 793, 801, 803, 804, 805, 806, 808, 809, 810, 811, 812, 813, 814, 816, 817, 819, 827, 831, 832, 833, 834, 835, 836, 838, 839, 842, 843, 844, 845, 846, 847, 848, 849, 850, 851, 852, 854, 855, 856, 860, 861, 863, 869, 871, 873, 874, 893, 894, 903, 904, 905, 908, 910, 911, 912, 914, 915, 916, 917, 918, 924, 936, 937, 938, 939, 940, 941, 942, 948, 951, 952, 953, 954, 958, 959, 960, 961, 965, 969, 977, 978, 979, 980, 982, 983, 994, 996, 997, 1000, 1002, 1004, 1010, 1011, 1012, 1013, 1015, 1016, 1017, 1018, 1019, 1020, 1021, 1022, 1024, 1027, 1028, 1029, 1030, 1031, 1032, 1033, 1034, 1035, 1036, 1037, 1038, 1043, 1044, 1045, 1046, 1055, 1056, 1057, 1058, 1059, 1060, 1061, 1062, 1063, 1064, 1068, 1069, 1074, 1075, 1076, 1077, 1078, 1079, 1080, 1087, 1088, 1089, 1090, 1092, 1093, 1094, 1097, 1098, 1102, 1103, 1104, 1105, 1106, 1107, 1108, 1111, 1112, 1113, 1115, 1116, 1117, 1120, 1121, 1123, 1124, 1125, 1126, 1127, 1129, 1136, 1139, 1140, 1141, 1142, 1143, 1150, 1152, 1153, 1173, 1176, 1177, 1178, 1182, 1183, 1184, 1185, 1186, 1187, 1188, 1190, 1191, 1198, 1199, 1200, 1201, 1209, 1211, 1214, 1215, 1216, 1217, 1219, 1220, 1222, 1228, 1235, 1236, 1237, 1239, 1240, 1242, 1243, 1244, 1246, 1247, 1248, 1249, 1250, 1254, 1255, 1256, 1257, 1258, 1263, 1265, 1266, 1271, 1281, 1283, 1284, 1285, 1287, 1291, 1292, 1293, 1299, 1300, 1301, 1302, 1305, 1306, 1307, 1308, 1309, 1311, 1312, 1314, 1317, 1318, 1319, 1324, 1325, 1326, 1329, 1330, 1333, 1334, 1341, 1343, 1345, 1347, 1350, 1351, 1352, 1355, 1356, 1357, 1358, 1367, 1371, 1373, 1385, 1386, 1387, 1388, 1392, 1393, 1394, 1398, 1406, 1412, 1413, 1418, 1419, 1421, 1422, 1424, 1425, 1426, 1428, 1429, 1442, 1443, 1444, 1445, 1448, 1454, 1455, 1456, 1457, 1458, 1464, 1465, 1467, 1468, 1472, 1482, 1485, 1486, 1488, 1492, 1493, 1497, 1498, 1501, 1503, 1504, 1506, 1507, 1509, 1511, 1512, 1513, 1518, 1519, 1522, 1525, 1526, 1529, 1537, 1538, 1540, 1541, 1544, 1550, 1557, 1558, 1559, 1560, 1561, 1563, 1565, 1568, 1569]
