###########
Solution: 1
Time: 10.254999876022339
Objectives: [399.0 602005.0; 375.0 609248.0; 404.0 585437.0; 401.0 596936.0; 393.0 606810.0; 392.0 607781.0; 397.0 604560.0; 377.0 607839.0; 402.0 592122.0; 395.0 605401.0; 403.0 590583.0]
Centers: [217, 270, 294, 407, 814, 1038, 1255, 1301, 1493, 1541]
Points: [9, 10, 12, 13, 14, 15, 16, 23, 26, 27, 41, 43, 55, 57, 58, 60, 70, 71, 86, 90, 94, 96, 100, 101, 107, 108, 109, 110, 111, 112, 113, 114, 120, 123, 146, 147, 149, 151, 152, 153, 154, 160, 161, 163, 165, 167, 183, 201, 203, 204, 206, 207, 208, 209, 210, 211, 214, 215, 216, 217, 218, 221, 222, 226, 227, 232, 255, 256, 257, 259, 260, 262, 263, 264, 265, 266, 267, 268, 270, 271, 272, 273, 274, 275, 276, 277, 279, 280, 287, 288, 289, 292, 293, 294, 295, 323, 324, 328, 332, 340, 350, 356, 359, 360, 361, 362, 365, 368, 369, 370, 376, 377, 384, 387, 403, 404, 405, 406, 407, 408, 409, 410, 411, 412, 413, 433, 439, 442, 445, 451, 453, 454, 459, 460, 462, 463, 476, 494, 495, 540, 541, 579, 580, 581, 606, 607, 608, 611, 614, 622, 624, 632, 638, 639, 643, 646, 649, 650, 651, 652, 653, 654, 663, 664, 665, 671, 682, 683, 684, 685, 686, 687, 688, 689, 696, 707, 708, 710, 711, 714, 725, 729, 731, 733, 734, 746, 747, 758, 759, 760, 763, 764, 768, 771, 772, 787, 792, 793, 803, 804, 805, 806, 808, 809, 810, 811, 812, 813, 814, 816, 819, 831, 832, 833, 834, 835, 836, 838, 839, 842, 861, 863, 869, 871, 873, 874, 893, 905, 910, 912, 915, 916, 938, 939, 941, 942, 948, 951, 953, 954, 959, 960, 961, 978, 982, 983, 994, 996, 997, 1000, 1002, 1004, 1015, 1016, 1017, 1018, 1019, 1020, 1021, 1024, 1027, 1028, 1030, 1031, 1033, 1034, 1035, 1036, 1037, 1038, 1055, 1056, 1057, 1058, 1059, 1060, 1061, 1062, 1063, 1064, 1074, 1075, 1076, 1097, 1098, 1111, 1115, 1129, 1136, 1139, 1140, 1141, 1142, 1143, 1150, 1152, 1153, 1173, 1177, 1178, 1183, 1184, 1185, 1186, 1198, 1199, 1200, 1214, 1215, 1216, 1217, 1219, 1220, 1240, 1242, 1243, 1244, 1245, 1246, 1247, 1248, 1249, 1250, 1254, 1255, 1256, 1257, 1260, 1262, 1265, 1266, 1269, 1270, 1271, 1283, 1284, 1285, 1299, 1300, 1301, 1302, 1314, 1318, 1319, 1329, 1330, 1341, 1343, 1345, 1347, 1350, 1351, 1352, 1357, 1358, 1367, 1371, 1373, 1385, 1386, 1387, 1388, 1392, 1394, 1398, 1412, 1413, 1421, 1422, 1426, 1448, 1454, 1455, 1456, 1457, 1464, 1467, 1468, 1472, 1480, 1482, 1483, 1485, 1488, 1489, 1492, 1493, 1497, 1511, 1512, 1522, 1525, 1526, 1538, 1540, 1541, 1544, 1563, 1565]
###########
Solution: 2
Time: 10.254999876022339
Objectives: [399.0 602005.0; 375.0 609248.0; 404.0 585437.0; 401.0 596936.0; 393.0 606810.0; 392.0 607781.0; 397.0 604560.0; 377.0 607839.0; 402.0 592122.0; 395.0 605401.0; 403.0 590583.0]
Centers: [19, 217, 270, 814, 1038, 1079, 1199, 1301, 1472, 1493]
Points: [8, 9, 10, 12, 13, 14, 15, 16, 18, 19, 20, 23, 27, 36, 41, 43, 44, 45, 57, 58, 59, 60, 61, 70, 71, 83, 84, 94, 97, 101, 107, 108, 109, 110, 111, 112, 113, 114, 120, 123, 144, 147, 149, 151, 152, 153, 154, 161, 165, 167, 183, 201, 203, 204, 206, 207, 208, 209, 210, 211, 214, 215, 216, 217, 218, 221, 222, 226, 227, 232, 255, 256, 257, 259, 260, 262, 263, 264, 265, 266, 267, 268, 270, 271, 275, 276, 279, 280, 287, 288, 289, 292, 293, 304, 332, 340, 350, 356, 359, 360, 361, 362, 376, 377, 387, 402, 403, 404, 405, 406, 407, 408, 409, 410, 413, 416, 433, 439, 442, 445, 451, 453, 454, 459, 460, 462, 463, 464, 473, 475, 476, 482, 485, 487, 494, 538, 540, 541, 572, 577, 578, 579, 580, 581, 589, 590, 591, 606, 607, 608, 611, 614, 622, 624, 632, 638, 639, 643, 646, 649, 650, 651, 652, 653, 654, 671, 680, 682, 683, 684, 685, 688, 696, 700, 707, 708, 710, 711, 714, 716, 725, 729, 731, 746, 747, 749, 754, 758, 759, 760, 763, 764, 768, 771, 787, 793, 803, 805, 806, 808, 809, 810, 811, 812, 813, 814, 816, 827, 842, 861, 863, 869, 873, 874, 893, 894, 899, 905, 910, 912, 915, 916, 938, 939, 941, 942, 948, 953, 954, 958, 960, 961, 969, 978, 979, 982, 983, 994, 996, 997, 1000, 1002, 1004, 1015, 1016, 1019, 1020, 1024, 1027, 1028, 1030, 1031, 1033, 1034, 1035, 1036, 1037, 1038, 1055, 1058, 1059, 1060, 1061, 1062, 1063, 1064, 1076, 1077, 1078, 1079, 1080, 1103, 1105, 1106, 1107, 1116, 1117, 1139, 1140, 1141, 1142, 1143, 1150, 1152, 1153, 1173, 1178, 1183, 1184, 1186, 1198, 1199, 1200, 1205, 1209, 1214, 1215, 1216, 1217, 1219, 1220, 1228, 1242, 1243, 1244, 1246, 1247, 1248, 1249, 1250, 1254, 1255, 1256, 1257, 1263, 1265, 1266, 1271, 1299, 1300, 1301, 1302, 1314, 1333, 1334, 1341, 1343, 1345, 1347, 1349, 1350, 1351, 1352, 1355, 1357, 1358, 1367, 1371, 1373, 1386, 1387, 1388, 1392, 1398, 1406, 1412, 1413, 1426, 1442, 1448, 1455, 1456, 1457, 1464, 1467, 1468, 1472, 1482, 1485, 1489, 1492, 1493, 1497, 1498, 1501, 1503, 1511, 1512, 1522, 1525, 1526, 1529, 1538, 1544, 1565]
###########
Solution: 3
Time: 10.254999876022339
Objectives: [399.0 602005.0; 375.0 609248.0; 404.0 585437.0; 401.0 596936.0; 393.0 606810.0; 392.0 607781.0; 397.0 604560.0; 377.0 607839.0; 402.0 592122.0; 395.0 605401.0; 403.0 590583.0]
Centers: [221, 270, 294, 407, 467, 814, 1038, 1418, 1493, 1541]
Points: [9, 10, 12, 13, 14, 15, 16, 23, 27, 41, 43, 55, 57, 58, 69, 86, 89, 90, 94, 96, 100, 101, 107, 108, 109, 110, 111, 112, 113, 114, 120, 123, 127, 146, 147, 149, 151, 152, 153, 154, 156, 157, 160, 161, 162, 163, 165, 167, 168, 169, 173, 180, 183, 206, 207, 208, 209, 214, 215, 216, 217, 219, 221, 222, 255, 256, 257, 259, 260, 262, 263, 264, 265, 266, 267, 268, 270, 271, 272, 273, 274, 275, 276, 277, 279, 280, 287, 288, 289, 292, 293, 294, 295, 323, 324, 328, 332, 334, 335, 336, 337, 348, 350, 359, 360, 361, 365, 368, 369, 370, 376, 377, 384, 387, 403, 404, 405, 406, 407, 408, 409, 410, 411, 412, 413, 433, 439, 442, 445, 451, 453, 454, 459, 460, 462, 467, 468, 476, 494, 495, 540, 541, 579, 580, 595, 606, 607, 608, 611, 614, 615, 617, 622, 626, 627, 632, 638, 639, 640, 646, 650, 652, 653, 662, 663, 664, 665, 671, 682, 683, 684, 685, 686, 687, 688, 689, 696, 707, 708, 710, 711, 725, 727, 729, 731, 733, 734, 744, 745, 746, 747, 758, 759, 760, 771, 787, 792, 803, 804, 805, 806, 808, 809, 810, 811, 812, 813, 814, 816, 819, 826, 831, 832, 833, 834, 835, 836, 838, 839, 842, 861, 863, 867, 871, 873, 874, 888, 893, 905, 907, 908, 910, 912, 915, 916, 938, 939, 941, 942, 945, 946, 947, 948, 951, 953, 954, 959, 960, 976, 977, 978, 982, 983, 993, 994, 996, 997, 1000, 1002, 1004, 1010, 1011, 1012, 1013, 1015, 1016, 1017, 1018, 1019, 1020, 1021, 1024, 1027, 1028, 1033, 1034, 1035, 1036, 1037, 1038, 1043, 1044, 1045, 1046, 1056, 1057, 1058, 1059, 1060, 1061, 1062, 1063, 1064, 1074, 1075, 1076, 1093, 1094, 1097, 1098, 1111, 1115, 1121, 1123, 1124, 1125, 1126, 1127, 1129, 1136, 1139, 1140, 1141, 1142, 1143, 1150, 1152, 1153, 1177, 1178, 1183, 1184, 1185, 1186, 1198, 1199, 1200, 1214, 1215, 1216, 1217, 1219, 1220, 1237, 1240, 1242, 1243, 1246, 1258, 1265, 1266, 1271, 1283, 1284, 1285, 1299, 1300, 1314, 1318, 1319, 1329, 1330, 1341, 1343, 1345, 1347, 1350, 1351, 1352, 1357, 1358, 1367, 1371, 1373, 1385, 1386, 1387, 1388, 1392, 1394, 1398, 1411, 1412, 1416, 1418, 1421, 1422, 1426, 1448, 1454, 1455, 1456, 1457, 1467, 1468, 1485, 1488, 1489, 1492, 1493, 1496, 1497, 1506, 1511, 1512, 1522, 1525, 1526, 1538, 1539, 1540, 1541, 1544, 1563]
###########
Solution: 4
Time: 10.254999876022339
Objectives: [399.0 602005.0; 375.0 609248.0; 404.0 585437.0; 401.0 596936.0; 393.0 606810.0; 392.0 607781.0; 397.0 604560.0; 377.0 607839.0; 402.0 592122.0; 395.0 605401.0; 403.0 590583.0]
Centers: [221, 270, 294, 407, 814, 1038, 1255, 1291, 1493, 1541]
Points: [9, 10, 12, 13, 14, 15, 16, 23, 26, 27, 38, 41, 43, 55, 57, 58, 60, 70, 71, 77, 86, 90, 93, 94, 96, 98, 100, 101, 106, 107, 108, 109, 110, 111, 112, 113, 114, 120, 123, 146, 147, 149, 151, 152, 153, 154, 160, 161, 163, 165, 167, 169, 172, 179, 180, 183, 206, 207, 208, 209, 214, 215, 216, 217, 221, 222, 255, 256, 257, 259, 260, 262, 263, 264, 265, 266, 267, 268, 270, 271, 272, 273, 274, 275, 276, 277, 279, 280, 287, 288, 289, 292, 293, 294, 295, 305, 323, 324, 328, 332, 350, 359, 360, 361, 365, 368, 369, 370, 376, 377, 384, 387, 403, 404, 405, 406, 407, 408, 409, 410, 411, 412, 413, 433, 439, 442, 445, 451, 453, 454, 459, 460, 462, 463, 468, 476, 494, 495, 540, 541, 543, 579, 580, 581, 598, 606, 607, 608, 611, 614, 615, 617, 622, 632, 638, 639, 640, 646, 650, 652, 653, 663, 664, 665, 671, 682, 683, 684, 685, 686, 687, 688, 689, 696, 707, 708, 710, 711, 714, 725, 729, 731, 733, 734, 746, 747, 758, 759, 760, 771, 772, 787, 792, 803, 804, 805, 806, 808, 809, 810, 811, 812, 813, 814, 816, 819, 831, 832, 833, 834, 835, 836, 838, 839, 842, 861, 863, 867, 869, 871, 873, 874, 893, 905, 910, 912, 915, 916, 938, 939, 941, 942, 948, 951, 952, 953, 954, 959, 960, 977, 978, 982, 983, 993, 994, 996, 997, 1000, 1002, 1004, 1010, 1011, 1012, 1013, 1015, 1016, 1017, 1018, 1019, 1020, 1021, 1024, 1027, 1028, 1033, 1034, 1035, 1036, 1037, 1038, 1055, 1056, 1057, 1058, 1059, 1060, 1061, 1062, 1063, 1064, 1074, 1075, 1076, 1097, 1098, 1111, 1115, 1129, 1136, 1139, 1140, 1141, 1142, 1143, 1150, 1152, 1153, 1177, 1178, 1183, 1184, 1185, 1186, 1188, 1198, 1199, 1200, 1214, 1215, 1216, 1217, 1219, 1220, 1240, 1242, 1243, 1244, 1245, 1246, 1247, 1248, 1249, 1250, 1254, 1255, 1256, 1257, 1260, 1262, 1265, 1266, 1269, 1270, 1271, 1281, 1283, 1284, 1285, 1291, 1292, 1299, 1300, 1314, 1318, 1319, 1329, 1330, 1341, 1343, 1345, 1347, 1350, 1351, 1352, 1356, 1357, 1358, 1367, 1371, 1373, 1385, 1386, 1387, 1388, 1392, 1394, 1398, 1411, 1412, 1421, 1422, 1426, 1448, 1454, 1455, 1456, 1457, 1467, 1468, 1472, 1480, 1482, 1483, 1485, 1488, 1489, 1492, 1493, 1497, 1511, 1512, 1522, 1525, 1526, 1538, 1540, 1541, 1544, 1563, 1568, 1569]
###########
Solution: 5
Time: 10.254999876022339
Objectives: [399.0 602005.0; 375.0 609248.0; 404.0 585437.0; 401.0 596936.0; 393.0 606810.0; 392.0 607781.0; 397.0 604560.0; 377.0 607839.0; 402.0 592122.0; 395.0 605401.0; 403.0 590583.0]
Centers: [217, 270, 407, 814, 1038, 1079, 1301, 1472, 1493, 1541]
Points: [8, 9, 10, 12, 13, 14, 15, 16, 23, 27, 41, 43, 57, 58, 59, 60, 61, 70, 71, 90, 94, 97, 101, 107, 108, 109, 110, 111, 112, 113, 114, 120, 123, 146, 147, 149, 151, 152, 153, 154, 160, 161, 163, 165, 167, 183, 201, 203, 204, 206, 207, 208, 209, 210, 211, 214, 215, 216, 217, 218, 221, 222, 226, 227, 232, 255, 256, 257, 259, 260, 262, 263, 264, 265, 266, 267, 268, 270, 271, 272, 273, 274, 275, 276, 277, 279, 280, 287, 288, 289, 292, 293, 332, 340, 350, 356, 359, 360, 361, 362, 376, 377, 384, 387, 403, 404, 405, 406, 407, 408, 409, 410, 411, 412, 413, 416, 433, 439, 442, 445, 451, 453, 454, 459, 460, 462, 463, 464, 473, 475, 476, 494, 540, 541, 579, 580, 581, 606, 607, 608, 611, 614, 622, 624, 632, 638, 639, 643, 646, 649, 650, 651, 652, 653, 654, 671, 682, 683, 684, 685, 686, 687, 688, 689, 696, 700, 707, 708, 710, 711, 714, 716, 725, 729, 731, 733, 734, 746, 747, 749, 754, 758, 759, 760, 763, 764, 768, 771, 787, 792, 793, 803, 804, 805, 806, 808, 809, 810, 811, 812, 813, 814, 816, 819, 831, 832, 833, 834, 835, 836, 838, 839, 842, 861, 863, 869, 871, 873, 874, 893, 905, 910, 912, 915, 916, 938, 939, 941, 942, 948, 951, 953, 954, 959, 960, 961, 978, 979, 982, 983, 994, 996, 997, 1000, 1002, 1004, 1015, 1016, 1019, 1020, 1021, 1024, 1027, 1028, 1030, 1031, 1033, 1034, 1035, 1036, 1037, 1038, 1055, 1056, 1057, 1058, 1059, 1060, 1061, 1062, 1063, 1064, 1074, 1075, 1076, 1077, 1078, 1079, 1080, 1097, 1098, 1103, 1105, 1106, 1107, 1111, 1115, 1116, 1117, 1129, 1136, 1139, 1140, 1141, 1142, 1143, 1150, 1152, 1153, 1173, 1177, 1178, 1183, 1184, 1185, 1186, 1198, 1199, 1200, 1205, 1209, 1214, 1215, 1216, 1217, 1219, 1220, 1228, 1240, 1242, 1243, 1244, 1246, 1247, 1248, 1249, 1250, 1254, 1255, 1256, 1257, 1263, 1265, 1266, 1271, 1299, 1300, 1301, 1302, 1314, 1333, 1334, 1341, 1343, 1345, 1347, 1350, 1351, 1352, 1357, 1358, 1367, 1371, 1373, 1385, 1386, 1387, 1388, 1392, 1394, 1398, 1406, 1412, 1413, 1426, 1448, 1455, 1456, 1457, 1464, 1467, 1468, 1472, 1482, 1485, 1488, 1489, 1492, 1493, 1497, 1498, 1501, 1503, 1511, 1512, 1522, 1525, 1526, 1538, 1540, 1541, 1544, 1565]
###########
Solution: 6
Time: 10.254999876022339
Objectives: [399.0 602005.0; 375.0 609248.0; 404.0 585437.0; 401.0 596936.0; 393.0 606810.0; 392.0 607781.0; 397.0 604560.0; 377.0 607839.0; 402.0 592122.0; 395.0 605401.0; 403.0 590583.0]
Centers: [19, 217, 270, 407, 814, 1038, 1301, 1472, 1493, 1541]
Points: [9, 10, 12, 13, 14, 15, 16, 18, 19, 20, 23, 27, 36, 41, 43, 57, 58, 59, 60, 61, 70, 71, 83, 84, 90, 94, 97, 101, 107, 108, 109, 110, 111, 112, 113, 114, 120, 123, 144, 146, 147, 149, 151, 152, 153, 154, 160, 161, 163, 165, 167, 183, 201, 203, 204, 206, 207, 208, 209, 210, 211, 214, 215, 216, 217, 218, 221, 222, 226, 227, 232, 255, 256, 257, 259, 260, 262, 263, 264, 265, 266, 267, 268, 270, 271, 272, 273, 274, 275, 276, 277, 279, 280, 287, 288, 289, 292, 293, 304, 332, 340, 350, 356, 359, 360, 361, 362, 376, 377, 384, 387, 403, 404, 405, 406, 407, 408, 409, 410, 411, 412, 413, 433, 439, 442, 445, 451, 453, 454, 459, 460, 462, 463, 464, 476, 482, 485, 487, 494, 538, 540, 541, 572, 577, 578, 579, 580, 581, 589, 590, 591, 606, 607, 608, 611, 614, 622, 624, 632, 638, 639, 643, 646, 649, 650, 651, 652, 653, 654, 671, 682, 683, 684, 685, 686, 687, 688, 689, 696, 707, 708, 710, 711, 714, 725, 729, 731, 733, 734, 746, 747, 758, 759, 760, 763, 764, 768, 771, 787, 792, 793, 803, 804, 805, 806, 808, 809, 810, 811, 812, 813, 814, 816, 819, 827, 831, 832, 833, 834, 835, 836, 838, 839, 842, 861, 863, 869, 871, 873, 874, 893, 894, 905, 910, 912, 915, 916, 938, 939, 941, 942, 948, 951, 953, 954, 958, 959, 960, 961, 969, 978, 982, 983, 994, 996, 997, 1000, 1002, 1004, 1015, 1016, 1019, 1020, 1021, 1024, 1027, 1028, 1030, 1031, 1033, 1034, 1035, 1036, 1037, 1038, 1055, 1056, 1057, 1058, 1059, 1060, 1061, 1062, 1063, 1064, 1074, 1075, 1076, 1097, 1098, 1111, 1115, 1129, 1136, 1139, 1140, 1141, 1142, 1143, 1150, 1152, 1153, 1173, 1177, 1178, 1183, 1184, 1185, 1186, 1198, 1199, 1200, 1214, 1215, 1216, 1217, 1219, 1220, 1240, 1242, 1243, 1244, 1246, 1247, 1248, 1249, 1250, 1254, 1255, 1256, 1257, 1263, 1265, 1266, 1271, 1299, 1300, 1301, 1302, 1314, 1333, 1334, 1341, 1343, 1345, 1347, 1350, 1351, 1352, 1355, 1357, 1358, 1367, 1371, 1373, 1385, 1386, 1387, 1388, 1392, 1394, 1398, 1412, 1413, 1426, 1442, 1448, 1455, 1456, 1457, 1464, 1467, 1468, 1472, 1482, 1485, 1488, 1489, 1492, 1493, 1497, 1511, 1512, 1522, 1525, 1526, 1529, 1538, 1540, 1541, 1544, 1565]
###########
Solution: 7
Time: 10.254999876022339
Objectives: [399.0 602005.0; 375.0 609248.0; 404.0 585437.0; 401.0 596936.0; 393.0 606810.0; 392.0 607781.0; 397.0 604560.0; 377.0 607839.0; 402.0 592122.0; 395.0 605401.0; 403.0 590583.0]
Centers: [217, 270, 294, 407, 814, 1038, 1301, 1472, 1493, 1541]
Points: [9, 10, 12, 13, 14, 15, 16, 23, 27, 41, 43, 55, 57, 58, 59, 60, 61, 70, 71, 86, 90, 94, 96, 97, 100, 101, 107, 108, 109, 110, 111, 112, 113, 114, 120, 123, 146, 147, 149, 151, 152, 153, 154, 160, 161, 163, 165, 167, 183, 201, 203, 204, 206, 207, 208, 209, 210, 211, 214, 215, 216, 217, 218, 221, 222, 226, 227, 232, 255, 256, 257, 259, 260, 262, 263, 264, 265, 266, 267, 268, 270, 271, 272, 273, 274, 275, 276, 277, 279, 280, 287, 288, 289, 292, 293, 294, 295, 323, 324, 328, 332, 340, 350, 356, 359, 360, 361, 362, 365, 368, 369, 370, 376, 377, 384, 387, 403, 404, 405, 406, 407, 408, 409, 410, 411, 412, 413, 433, 439, 442, 445, 451, 453, 454, 459, 460, 462, 463, 464, 476, 494, 495, 540, 541, 579, 580, 581, 606, 607, 608, 611, 614, 622, 624, 632, 638, 639, 643, 646, 649, 650, 651, 652, 653, 654, 663, 664, 665, 671, 682, 683, 684, 685, 686, 687, 688, 689, 696, 707, 708, 710, 711, 714, 725, 729, 731, 733, 734, 746, 747, 758, 759, 760, 763, 764, 768, 771, 787, 792, 793, 803, 804, 805, 806, 808, 809, 810, 811, 812, 813, 814, 816, 819, 831, 832, 833, 834, 835, 836, 838, 839, 842, 861, 863, 869, 871, 873, 874, 893, 905, 910, 912, 915, 916, 938, 939, 941, 942, 948, 951, 953, 954, 959, 960, 961, 978, 982, 983, 994, 996, 997, 1000, 1002, 1004, 1015, 1016, 1017, 1018, 1019, 1020, 1021, 1024, 1027, 1028, 1030, 1031, 1033, 1034, 1035, 1036, 1037, 1038, 1055, 1056, 1057, 1058, 1059, 1060, 1061, 1062, 1063, 1064, 1074, 1075, 1076, 1097, 1098, 1111, 1115, 1129, 1136, 1139, 1140, 1141, 1142, 1143, 1150, 1152, 1153, 1173, 1177, 1178, 1183, 1184, 1185, 1186, 1198, 1199, 1200, 1214, 1215, 1216, 1217, 1219, 1220, 1240, 1242, 1243, 1244, 1246, 1247, 1248, 1249, 1250, 1254, 1255, 1256, 1257, 1263, 1265, 1266, 1271, 1283, 1284, 1285, 1299, 1300, 1301, 1302, 1314, 1318, 1319, 1329, 1330, 1333, 1334, 1341, 1343, 1345, 1347, 1350, 1351, 1352, 1357, 1358, 1367, 1371, 1373, 1385, 1386, 1387, 1388, 1392, 1394, 1398, 1412, 1413, 1421, 1422, 1426, 1448, 1454, 1455, 1456, 1457, 1464, 1467, 1468, 1472, 1482, 1485, 1488, 1489, 1492, 1493, 1497, 1511, 1512, 1522, 1525, 1526, 1538, 1540, 1541, 1544, 1563, 1565]
###########
Solution: 8
Time: 10.254999876022339
Objectives: [399.0 602005.0; 375.0 609248.0; 404.0 585437.0; 401.0 596936.0; 393.0 606810.0; 392.0 607781.0; 397.0 604560.0; 377.0 607839.0; 402.0 592122.0; 395.0 605401.0; 403.0 590583.0]
Centers: [19, 217, 270, 814, 1038, 1199, 1291, 1301, 1472, 1493]
Points: [9, 10, 12, 13, 14, 15, 16, 18, 19, 20, 23, 27, 36, 38, 41, 43, 44, 45, 57, 58, 59, 60, 61, 70, 71, 77, 83, 84, 93, 94, 97, 98, 101, 106, 107, 108, 109, 110, 111, 112, 113, 114, 120, 123, 144, 147, 149, 151, 152, 153, 154, 161, 165, 167, 169, 172, 179, 180, 183, 201, 203, 204, 206, 207, 208, 209, 210, 211, 214, 215, 216, 217, 218, 221, 222, 226, 227, 232, 255, 256, 257, 259, 260, 262, 263, 264, 265, 266, 267, 268, 270, 271, 275, 276, 279, 280, 287, 288, 289, 292, 293, 304, 305, 332, 340, 350, 356, 359, 360, 361, 362, 376, 377, 387, 402, 403, 404, 405, 406, 407, 408, 409, 410, 413, 433, 439, 442, 445, 451, 453, 454, 459, 460, 462, 463, 464, 468, 476, 482, 485, 487, 494, 538, 540, 541, 543, 572, 577, 578, 579, 580, 581, 589, 590, 591, 598, 606, 607, 608, 611, 614, 615, 617, 622, 624, 632, 638, 639, 643, 646, 649, 650, 651, 652, 653, 654, 671, 680, 682, 683, 684, 685, 688, 696, 707, 708, 710, 711, 714, 725, 729, 731, 746, 747, 758, 759, 760, 763, 764, 768, 771, 787, 793, 803, 805, 806, 808, 809, 810, 811, 812, 813, 814, 816, 827, 842, 861, 863, 869, 873, 874, 893, 894, 899, 905, 910, 912, 915, 916, 938, 939, 941, 942, 948, 952, 953, 954, 958, 960, 961, 969, 977, 978, 982, 983, 994, 996, 997, 1000, 1002, 1004, 1010, 1011, 1012, 1013, 1015, 1016, 1019, 1020, 1024, 1027, 1028, 1030, 1031, 1033, 1034, 1035, 1036, 1037, 1038, 1055, 1058, 1059, 1060, 1061, 1062, 1063, 1064, 1076, 1139, 1140, 1141, 1142, 1143, 1150, 1152, 1153, 1173, 1178, 1183, 1184, 1186, 1188, 1198, 1199, 1200, 1214, 1215, 1216, 1217, 1219, 1220, 1242, 1243, 1244, 1246, 1247, 1248, 1249, 1250, 1254, 1255, 1256, 1257, 1263, 1265, 1266, 1271, 1281, 1291, 1292, 1299, 1300, 1301, 1302, 1314, 1333, 1334, 1341, 1343, 1345, 1347, 1349, 1350, 1351, 1352, 1355, 1356, 1357, 1358, 1367, 1371, 1373, 1386, 1387, 1388, 1392, 1398, 1412, 1413, 1426, 1442, 1448, 1455, 1456, 1457, 1464, 1467, 1468, 1472, 1482, 1485, 1489, 1492, 1493, 1497, 1511, 1512, 1522, 1525, 1526, 1529, 1538, 1544, 1565, 1568, 1569]
###########
Solution: 9
Time: 10.254999876022339
Objectives: [399.0 602005.0; 375.0 609248.0; 404.0 585437.0; 401.0 596936.0; 393.0 606810.0; 392.0 607781.0; 397.0 604560.0; 377.0 607839.0; 402.0 592122.0; 395.0 605401.0; 403.0 590583.0]
Centers: [221, 270, 294, 407, 814, 1038, 1255, 1418, 1493, 1541]
Points: [9, 10, 12, 13, 14, 15, 16, 23, 26, 27, 41, 43, 55, 57, 58, 60, 70, 71, 86, 90, 94, 96, 100, 101, 107, 108, 109, 110, 111, 112, 113, 114, 120, 123, 146, 147, 149, 151, 152, 153, 154, 160, 161, 163, 165, 167, 183, 206, 207, 208, 209, 214, 215, 216, 217, 219, 221, 222, 255, 256, 257, 259, 260, 262, 263, 264, 265, 266, 267, 268, 270, 271, 272, 273, 274, 275, 276, 277, 279, 280, 287, 288, 289, 292, 293, 294, 295, 323, 324, 328, 332, 334, 335, 336, 337, 348, 350, 359, 360, 361, 365, 368, 369, 370, 376, 377, 384, 387, 403, 404, 405, 406, 407, 408, 409, 410, 411, 412, 413, 433, 439, 442, 445, 451, 453, 454, 459, 460, 462, 463, 476, 494, 495, 540, 541, 579, 580, 581, 606, 607, 608, 611, 614, 622, 626, 627, 632, 638, 639, 640, 646, 650, 652, 653, 662, 663, 664, 665, 671, 682, 683, 684, 685, 686, 687, 688, 689, 696, 707, 708, 710, 711, 714, 725, 729, 731, 733, 734, 744, 745, 746, 747, 758, 759, 760, 771, 772, 787, 792, 803, 804, 805, 806, 808, 809, 810, 811, 812, 813, 814, 816, 819, 826, 831, 832, 833, 834, 835, 836, 838, 839, 842, 861, 863, 867, 869, 871, 873, 874, 888, 893, 905, 907, 908, 910, 912, 915, 916, 938, 939, 941, 942, 948, 951, 953, 954, 959, 960, 978, 982, 983, 993, 994, 996, 997, 1000, 1002, 1004, 1015, 1016, 1017, 1018, 1019, 1020, 1021, 1024, 1027, 1028, 1033, 1034, 1035, 1036, 1037, 1038, 1043, 1044, 1045, 1055, 1056, 1057, 1058, 1059, 1060, 1061, 1062, 1063, 1064, 1074, 1075, 1076, 1097, 1098, 1111, 1115, 1123, 1124, 1125, 1126, 1127, 1129, 1136, 1139, 1140, 1141, 1142, 1143, 1150, 1152, 1153, 1177, 1178, 1183, 1184, 1185, 1186, 1198, 1199, 1200, 1214, 1215, 1216, 1217, 1219, 1220, 1237, 1240, 1242, 1243, 1244, 1245, 1246, 1247, 1248, 1249, 1250, 1254, 1255, 1256, 1257, 1258, 1260, 1262, 1265, 1266, 1269, 1270, 1271, 1283, 1284, 1285, 1299, 1300, 1314, 1318, 1319, 1329, 1330, 1341, 1343, 1345, 1347, 1350, 1351, 1352, 1357, 1358, 1367, 1371, 1373, 1385, 1386, 1387, 1388, 1392, 1394, 1398, 1411, 1412, 1416, 1418, 1421, 1422, 1426, 1448, 1454, 1455, 1456, 1457, 1467, 1468, 1472, 1480, 1482, 1483, 1485, 1488, 1489, 1492, 1493, 1496, 1497, 1506, 1511, 1512, 1522, 1525, 1526, 1538, 1540, 1541, 1544, 1563]
###########
Solution: 10
Time: 10.254999876022339
Objectives: [399.0 602005.0; 375.0 609248.0; 404.0 585437.0; 401.0 596936.0; 393.0 606810.0; 392.0 607781.0; 397.0 604560.0; 377.0 607839.0; 402.0 592122.0; 395.0 605401.0; 403.0 590583.0]
Centers: [217, 270, 407, 814, 1038, 1291, 1301, 1472, 1493, 1541]
Points: [9, 10, 12, 13, 14, 15, 16, 23, 27, 38, 41, 43, 57, 58, 59, 60, 61, 70, 71, 77, 90, 93, 94, 97, 98, 101, 106, 107, 108, 109, 110, 111, 112, 113, 114, 120, 123, 146, 147, 149, 151, 152, 153, 154, 160, 161, 163, 165, 167, 169, 172, 179, 180, 183, 201, 203, 204, 206, 207, 208, 209, 210, 211, 214, 215, 216, 217, 218, 221, 222, 226, 227, 232, 255, 256, 257, 259, 260, 262, 263, 264, 265, 266, 267, 268, 270, 271, 272, 273, 274, 275, 276, 277, 279, 280, 287, 288, 289, 292, 293, 305, 332, 340, 350, 356, 359, 360, 361, 362, 376, 377, 384, 387, 403, 404, 405, 406, 407, 408, 409, 410, 411, 412, 413, 433, 439, 442, 445, 451, 453, 454, 459, 460, 462, 463, 464, 468, 476, 494, 540, 541, 543, 579, 580, 581, 598, 606, 607, 608, 611, 614, 615, 617, 622, 624, 632, 638, 639, 643, 646, 649, 650, 651, 652, 653, 654, 671, 682, 683, 684, 685, 686, 687, 688, 689, 696, 707, 708, 710, 711, 714, 725, 729, 731, 733, 734, 746, 747, 758, 759, 760, 763, 764, 768, 771, 787, 792, 793, 803, 804, 805, 806, 808, 809, 810, 811, 812, 813, 814, 816, 819, 831, 832, 833, 834, 835, 836, 838, 839, 842, 861, 863, 869, 871, 873, 874, 893, 905, 910, 912, 915, 916, 938, 939, 941, 942, 948, 951, 952, 953, 954, 959, 960, 961, 977, 978, 982, 983, 994, 996, 997, 1000, 1002, 1004, 1010, 1011, 1012, 1013, 1015, 1016, 1019, 1020, 1021, 1024, 1027, 1028, 1030, 1031, 1033, 1034, 1035, 1036, 1037, 1038, 1055, 1056, 1057, 1058, 1059, 1060, 1061, 1062, 1063, 1064, 1074, 1075, 1076, 1097, 1098, 1111, 1115, 1129, 1136, 1139, 1140, 1141, 1142, 1143, 1150, 1152, 1153, 1173, 1177, 1178, 1183, 1184, 1185, 1186, 1188, 1198, 1199, 1200, 1214, 1215, 1216, 1217, 1219, 1220, 1240, 1242, 1243, 1244, 1246, 1247, 1248, 1249, 1250, 1254, 1255, 1256, 1257, 1263, 1265, 1266, 1271, 1281, 1291, 1292, 1299, 1300, 1301, 1302, 1314, 1333, 1334, 1341, 1343, 1345, 1347, 1350, 1351, 1352, 1356, 1357, 1358, 1367, 1371, 1373, 1385, 1386, 1387, 1388, 1392, 1394, 1398, 1412, 1413, 1426, 1448, 1455, 1456, 1457, 1464, 1467, 1468, 1472, 1482, 1485, 1488, 1489, 1492, 1493, 1497, 1511, 1512, 1522, 1525, 1526, 1538, 1540, 1541, 1544, 1565, 1568, 1569]
###########
Solution: 11
Time: 10.254999876022339
Objectives: [399.0 602005.0; 375.0 609248.0; 404.0 585437.0; 401.0 596936.0; 393.0 606810.0; 392.0 607781.0; 397.0 604560.0; 377.0 607839.0; 402.0 592122.0; 395.0 605401.0; 403.0 590583.0]
Centers: [221, 270, 294, 407, 467, 814, 1038, 1255, 1493, 1541]
Points: [9, 10, 12, 13, 14, 15, 16, 23, 26, 27, 41, 43, 55, 57, 58, 60, 69, 70, 71, 86, 89, 90, 94, 96, 100, 101, 107, 108, 109, 110, 111, 112, 113, 114, 120, 123, 127, 146, 147, 149, 151, 152, 153, 154, 156, 157, 160, 161, 162, 163, 165, 167, 168, 169, 173, 180, 183, 206, 207, 208, 209, 214, 215, 216, 217, 221, 222, 255, 256, 257, 259, 260, 262, 263, 264, 265, 266, 267, 268, 270, 271, 272, 273, 274, 275, 276, 277, 279, 280, 287, 288, 289, 292, 293, 294, 295, 323, 324, 328, 332, 350, 359, 360, 361, 365, 368, 369, 370, 376, 377, 384, 387, 403, 404, 405, 406, 407, 408, 409, 410, 411, 412, 413, 433, 439, 442, 445, 451, 453, 454, 459, 460, 462, 463, 467, 468, 476, 494, 495, 540, 541, 579, 580, 581, 595, 606, 607, 608, 611, 614, 615, 617, 622, 632, 638, 639, 640, 646, 650, 652, 653, 663, 664, 665, 671, 682, 683, 684, 685, 686, 687, 688, 689, 696, 707, 708, 710, 711, 714, 725, 727, 729, 731, 733, 734, 746, 747, 758, 759, 760, 771, 772, 787, 792, 803, 804, 805, 806, 808, 809, 810, 811, 812, 813, 814, 816, 819, 831, 832, 833, 834, 835, 836, 838, 839, 842, 861, 863, 867, 869, 871, 873, 874, 893, 905, 910, 912, 915, 916, 938, 939, 941, 942, 945, 946, 947, 948, 951, 953, 954, 959, 960, 976, 977, 978, 982, 983, 993, 994, 996, 997, 1000, 1002, 1004, 1010, 1011, 1012, 1013, 1015, 1016, 1017, 1018, 1019, 1020, 1021, 1024, 1027, 1028, 1033, 1034, 1035, 1036, 1037, 1038, 1046, 1055, 1056, 1057, 1058, 1059, 1060, 1061, 1062, 1063, 1064, 1074, 1075, 1076, 1093, 1094, 1097, 1098, 1111, 1115, 1121, 1129, 1136, 1139, 1140, 1141, 1142, 1143, 1150, 1152, 1153, 1177, 1178, 1183, 1184, 1185, 1186, 1198, 1199, 1200, 1214, 1215, 1216, 1217, 1219, 1220, 1240, 1242, 1243, 1244, 1245, 1246, 1247, 1248, 1249, 1250, 1254, 1255, 1256, 1257, 1260, 1262, 1265, 1266, 1269, 1270, 1271, 1283, 1284, 1285, 1299, 1300, 1314, 1318, 1319, 1329, 1330, 1341, 1343, 1345, 1347, 1350, 1351, 1352, 1357, 1358, 1367, 1371, 1373, 1385, 1386, 1387, 1388, 1392, 1394, 1398, 1411, 1412, 1421, 1422, 1426, 1448, 1454, 1455, 1456, 1457, 1467, 1468, 1472, 1480, 1482, 1483, 1485, 1488, 1489, 1492, 1493, 1497, 1511, 1512, 1522, 1525, 1526, 1538, 1539, 1540, 1541, 1544, 1563]
