###########
Solution: 1
Time: 30.2020001411438
Objectives: [783.0 1.262015e6; 777.0 1.269767e6; 788.0 1.254188e6; 785.0 1.259685e6; 781.0 1.264944e6; 780.0 1.267422e6; 782.0 1.262878e6; 779.0 1.268354e6; 784.0 1.261083e6; 786.0 1.258753e6; 778.0 1.269217e6; 787.0 1.25512e6]
Centers: [149, 279, 487, 730, 994, 1010, 1190, 1250, 1519, 1526]
Points: [4, 6, 9, 10, 12, 13, 14, 15, 16, 18, 19, 20, 21, 22, 23, 25, 26, 27, 36, 38, 41, 43, 44, 45, 46, 47, 55, 56, 57, 58, 59, 60, 61, 62, 65, 66, 67, 69, 70, 71, 75, 76, 77, 83, 84, 85, 88, 89, 90, 93, 96, 97, 98, 99, 100, 101, 106, 107, 108, 109, 110, 111, 112, 113, 114, 120, 121, 123, 125, 126, 127, 137, 139, 141, 144, 146, 147, 149, 151, 152, 153, 154, 156, 157, 158, 159, 160, 161, 162, 163, 164, 165, 166, 167, 168, 169, 170, 172, 173, 174, 176, 179, 180, 193, 204, 205, 206, 207, 208, 209, 210, 211, 214, 215, 216, 217, 218, 219, 221, 222, 227, 228, 231, 241, 242, 255, 256, 257, 259, 260, 262, 263, 264, 265, 266, 267, 268, 270, 271, 273, 274, 275, 276, 277, 279, 280, 283, 286, 287, 288, 289, 292, 293, 294, 298, 304, 305, 321, 323, 324, 325, 326, 327, 328, 332, 333, 334, 335, 336, 348, 349, 350, 351, 356, 359, 360, 361, 362, 365, 368, 369, 370, 373, 376, 387, 402, 403, 404, 405, 406, 407, 408, 409, 410, 413, 414, 416, 420, 421, 433, 439, 440, 442, 445, 451, 452, 453, 454, 459, 460, 461, 462, 463, 464, 467, 468, 472, 473, 476, 477, 482, 483, 484, 485, 486, 487, 489, 491, 492, 493, 494, 495, 496, 500, 502, 503, 521, 532, 538, 540, 541, 543, 549, 570, 571, 572, 577, 578, 579, 580, 581, 589, 590, 591, 592, 595, 598, 600, 601, 603, 604, 606, 607, 608, 610, 611, 614, 615, 616, 617, 622, 624, 626, 627, 632, 634, 638, 639, 640, 645, 646, 647, 649, 650, 652, 653, 655, 662, 663, 664, 665, 671, 680, 682, 683, 684, 685, 686, 688, 689, 694, 696, 699, 700, 704, 707, 708, 710, 711, 713, 714, 716, 721, 723, 725, 726, 727, 728, 730, 731, 732, 733, 734, 738, 741, 744, 745, 747, 749, 753, 757, 758, 759, 760, 761, 763, 764, 768, 770, 772, 787, 791, 792, 793, 801, 803, 804, 805, 806, 807, 808, 809, 810, 811, 812, 813, 814, 816, 817, 819, 821, 826, 827, 832, 833, 834, 835, 836, 838, 839, 840, 842, 843, 844, 845, 846, 847, 848, 857, 861, 863, 867, 869, 871, 872, 873, 874, 875, 876, 893, 894, 898, 899, 900, 903, 904, 905, 908, 910, 912, 913, 914, 915, 916, 917, 918, 919, 920, 930, 931, 933, 934, 938, 939, 940, 941, 942, 943, 944, 945, 946, 947, 948, 951, 952, 953, 954, 955, 956, 957, 958, 959, 960, 961, 965, 966, 968, 969, 975, 976, 977, 978, 980, 981, 982, 983, 984, 985, 989, 990, 991, 992, 993, 994, 996, 997, 999, 1000, 1001, 1002, 1003, 1004, 1005, 1010, 1011, 1012, 1013, 1015, 1016, 1017, 1018, 1019, 1020, 1021, 1022, 1023, 1024, 1025, 1026, 1027, 1028, 1030, 1031, 1032, 1033, 1034, 1035, 1036, 1037, 1038, 1039, 1040, 1043, 1044, 1045, 1046, 1055, 1056, 1057, 1058, 1059, 1060, 1061, 1062, 1063, 1064, 1065, 1067, 1068, 1069, 1074, 1075, 1076, 1079, 1081, 1082, 1083, 1084, 1085, 1086, 1087, 1088, 1089, 1090, 1091, 1093, 1094, 1097, 1098, 1101, 1107, 1110, 1111, 1112, 1115, 1116, 1117, 1118, 1119, 1120, 1121, 1123, 1124, 1125, 1126, 1127, 1129, 1132, 1133, 1134, 1135, 1136, 1139, 1140, 1141, 1142, 1143, 1146, 1147, 1148, 1149, 1150, 1151, 1152, 1153, 1154, 1157, 1158, 1159, 1163, 1166, 1173, 1174, 1175, 1177, 1178, 1182, 1183, 1184, 1185, 1186, 1187, 1188, 1189, 1190, 1191, 1198, 1199, 1200, 1205, 1209, 1210, 1211, 1213, 1214, 1215, 1216, 1217, 1218, 1219, 1220, 1221, 1228, 1235, 1236, 1237, 1239, 1240, 1241, 1242, 1243, 1244, 1245, 1246, 1247, 1248, 1249, 1250, 1254, 1255, 1256, 1257, 1258, 1260, 1262, 1263, 1264, 1265, 1266, 1268, 1269, 1270, 1271, 1281, 1282, 1283, 1284, 1285, 1291, 1292, 1299, 1300, 1301, 1302, 1303, 1304, 1305, 1306, 1307, 1308, 1309, 1310, 1311, 1312, 1313, 1314, 1315, 1316, 1318, 1319, 1321, 1322, 1323, 1325, 1326, 1329, 1330, 1333, 1334, 1336, 1340, 1341, 1344, 1345, 1346, 1347, 1348, 1349, 1350, 1351, 1352, 1355, 1356, 1357, 1358, 1364, 1367, 1370, 1371, 1373, 1385, 1386, 1387, 1388, 1389, 1392, 1394, 1398, 1402, 1406, 1411, 1412, 1413, 1418, 1419, 1421, 1422, 1423, 1424, 1425, 1426, 1427, 1432, 1442, 1443, 1444, 1445, 1446, 1452, 1453, 1454, 1455, 1456, 1457, 1462, 1464, 1467, 1468, 1472, 1473, 1475, 1480, 1482, 1483, 1485, 1486, 1488, 1489, 1491, 1492, 1493, 1497, 1499, 1501, 1505, 1506, 1507, 1509, 1511, 1512, 1515, 1517, 1518, 1519, 1520, 1521, 1522, 1525, 1526, 1529, 1530, 1538, 1539, 1540, 1541, 1542, 1544, 1545, 1547, 1548, 1550, 1551, 1555, 1557, 1558, 1559, 1560, 1563, 1564, 1565, 1567, 1568, 1569]
###########
Solution: 2
Time: 30.2020001411438
Objectives: [783.0 1.262015e6; 777.0 1.269767e6; 788.0 1.254188e6; 785.0 1.259685e6; 781.0 1.264944e6; 780.0 1.267422e6; 782.0 1.262878e6; 779.0 1.268354e6; 784.0 1.261083e6; 786.0 1.258753e6; 778.0 1.269217e6; 787.0 1.25512e6]
Centers: [149, 463, 487, 994, 1010, 1026, 1140, 1190, 1222, 1526]
Points: [8, 9, 10, 12, 13, 14, 15, 16, 18, 19, 20, 21, 23, 25, 27, 36, 38, 41, 43, 44, 45, 46, 47, 55, 56, 58, 59, 60, 61, 62, 65, 66, 67, 69, 70, 71, 75, 76, 77, 83, 84, 85, 88, 89, 90, 93, 96, 97, 98, 99, 100, 101, 106, 107, 108, 109, 110, 111, 112, 113, 114, 120, 121, 123, 126, 127, 137, 139, 141, 144, 146, 147, 149, 151, 152, 153, 154, 156, 157, 158, 159, 160, 161, 162, 163, 164, 165, 166, 167, 168, 169, 170, 172, 173, 174, 176, 179, 180, 183, 184, 185, 186, 187, 189, 190, 191, 192, 193, 194, 204, 205, 206, 207, 208, 209, 210, 211, 214, 215, 216, 217, 218, 221, 222, 227, 228, 231, 242, 255, 256, 257, 259, 260, 262, 263, 264, 265, 266, 267, 268, 270, 271, 273, 274, 275, 276, 277, 279, 280, 286, 287, 288, 289, 291, 292, 293, 294, 298, 304, 305, 321, 323, 324, 325, 326, 327, 328, 329, 332, 333, 342, 349, 350, 351, 356, 359, 360, 361, 362, 365, 366, 368, 369, 370, 376, 377, 387, 402, 403, 404, 405, 406, 407, 408, 409, 410, 413, 414, 415, 416, 420, 421, 422, 433, 439, 440, 442, 451, 452, 453, 454, 459, 460, 461, 462, 463, 464, 467, 468, 472, 473, 476, 477, 482, 483, 484, 485, 486, 487, 489, 491, 492, 493, 494, 495, 496, 500, 502, 503, 521, 531, 538, 540, 541, 543, 549, 570, 571, 572, 577, 578, 579, 580, 581, 589, 590, 591, 592, 595, 598, 600, 601, 603, 604, 606, 607, 608, 610, 611, 614, 615, 616, 617, 621, 622, 623, 624, 629, 632, 634, 638, 639, 640, 645, 646, 649, 650, 652, 653, 655, 663, 664, 665, 667, 671, 680, 682, 683, 684, 685, 686, 688, 689, 694, 696, 699, 700, 704, 707, 708, 710, 711, 713, 714, 716, 721, 723, 725, 726, 727, 728, 729, 730, 731, 732, 733, 734, 736, 738, 746, 747, 749, 750, 753, 754, 757, 758, 759, 760, 761, 763, 764, 768, 770, 771, 772, 787, 791, 792, 793, 801, 803, 804, 805, 806, 807, 808, 809, 810, 811, 812, 813, 814, 816, 819, 821, 827, 829, 832, 833, 834, 835, 836, 838, 839, 840, 842, 843, 844, 845, 846, 847, 848, 857, 861, 862, 863, 867, 869, 871, 872, 873, 874, 876, 893, 894, 898, 899, 900, 904, 905, 910, 912, 913, 914, 915, 916, 917, 918, 921, 922, 930, 931, 938, 940, 941, 942, 943, 944, 945, 946, 947, 948, 951, 952, 954, 955, 956, 957, 958, 959, 960, 961, 965, 966, 968, 969, 975, 976, 977, 978, 980, 981, 982, 983, 984, 985, 989, 990, 991, 992, 993, 994, 996, 997, 999, 1000, 1001, 1002, 1003, 1004, 1005, 1010, 1011, 1012, 1013, 1015, 1016, 1017, 1018, 1019, 1020, 1021, 1022, 1023, 1024, 1025, 1026, 1027, 1028, 1029, 1030, 1031, 1032, 1033, 1034, 1035, 1036, 1037, 1038, 1039, 1040, 1046, 1047, 1048, 1055, 1056, 1057, 1058, 1059, 1060, 1061, 1062, 1063, 1064, 1069, 1070, 1071, 1074, 1075, 1076, 1077, 1079, 1090, 1091, 1093, 1094, 1097, 1098, 1101, 1106, 1107, 1108, 1110, 1111, 1112, 1113, 1115, 1116, 1117, 1118, 1119, 1120, 1121, 1129, 1132, 1133, 1134, 1135, 1136, 1139, 1140, 1141, 1142, 1143, 1146, 1148, 1149, 1150, 1151, 1152, 1153, 1154, 1157, 1158, 1159, 1163, 1166, 1173, 1174, 1175, 1176, 1177, 1178, 1183, 1184, 1185, 1186, 1187, 1188, 1189, 1190, 1191, 1198, 1199, 1200, 1201, 1205, 1209, 1210, 1211, 1212, 1213, 1214, 1215, 1216, 1217, 1218, 1219, 1220, 1221, 1222, 1223, 1224, 1225, 1226, 1228, 1229, 1230, 1231, 1232, 1233, 1234, 1235, 1236, 1239, 1240, 1241, 1244, 1245, 1246, 1247, 1248, 1249, 1250, 1254, 1255, 1256, 1257, 1263, 1264, 1265, 1266, 1269, 1270, 1271, 1281, 1282, 1283, 1284, 1285, 1286, 1291, 1292, 1299, 1300, 1301, 1302, 1303, 1304, 1305, 1306, 1307, 1308, 1309, 1310, 1311, 1312, 1313, 1314, 1315, 1316, 1317, 1318, 1319, 1321, 1322, 1323, 1325, 1326, 1329, 1330, 1331, 1333, 1334, 1335, 1336, 1340, 1341, 1343, 1344, 1345, 1346, 1347, 1348, 1349, 1350, 1351, 1352, 1355, 1356, 1357, 1358, 1364, 1367, 1370, 1371, 1373, 1374, 1376, 1377, 1382, 1385, 1386, 1387, 1388, 1389, 1390, 1392, 1394, 1398, 1402, 1406, 1411, 1412, 1413, 1419, 1421, 1422, 1423, 1424, 1425, 1426, 1427, 1430, 1442, 1443, 1444, 1445, 1446, 1448, 1452, 1453, 1454, 1455, 1456, 1457, 1462, 1464, 1467, 1468, 1472, 1473, 1475, 1482, 1485, 1486, 1487, 1488, 1489, 1491, 1492, 1493, 1497, 1501, 1505, 1509, 1511, 1512, 1515, 1516, 1517, 1518, 1521, 1522, 1525, 1526, 1527, 1529, 1538, 1539, 1540, 1541, 1542, 1544, 1545, 1555, 1557, 1558, 1559, 1560, 1563, 1564, 1565, 1567, 1568, 1569]
###########
Solution: 3
Time: 30.2020001411438
Objectives: [783.0 1.262015e6; 777.0 1.269767e6; 788.0 1.254188e6; 785.0 1.259685e6; 781.0 1.264944e6; 780.0 1.267422e6; 782.0 1.262878e6; 779.0 1.268354e6; 784.0 1.261083e6; 786.0 1.258753e6; 778.0 1.269217e6; 787.0 1.25512e6]
Centers: [43, 487, 616, 808, 907, 994, 1029, 1059, 1331, 1453]
Points: [4, 6, 7, 8, 9, 10, 12, 13, 14, 15, 16, 18, 19, 20, 21, 22, 23, 27, 36, 38, 41, 43, 44, 45, 46, 47, 55, 56, 57, 58, 59, 60, 61, 65, 66, 69, 70, 71, 73, 75, 76, 77, 80, 83, 84, 86, 87, 88, 90, 94, 97, 100, 101, 106, 107, 108, 109, 110, 111, 112, 113, 114, 116, 117, 118, 119, 120, 121, 122, 123, 124, 126, 144, 146, 147, 149, 150, 151, 152, 153, 154, 156, 158, 159, 160, 161, 162, 163, 164, 165, 166, 167, 168, 169, 172, 175, 176, 179, 180, 183, 184, 185, 187, 190, 191, 192, 193, 194, 204, 205, 206, 207, 208, 209, 210, 211, 214, 215, 216, 217, 218, 219, 221, 222, 227, 228, 231, 242, 251, 253, 255, 256, 257, 259, 260, 262, 263, 264, 265, 266, 267, 268, 270, 271, 274, 275, 276, 277, 279, 280, 281, 287, 288, 289, 291, 292, 293, 294, 295, 298, 304, 305, 325, 326, 327, 328, 329, 332, 333, 334, 335, 336, 337, 339, 342, 348, 349, 350, 351, 356, 359, 360, 361, 362, 364, 365, 369, 370, 373, 374, 376, 377, 384, 387, 402, 403, 404, 405, 406, 407, 408, 409, 410, 413, 414, 416, 420, 421, 423, 424, 433, 439, 442, 451, 452, 453, 454, 459, 460, 461, 462, 463, 464, 466, 467, 468, 470, 472, 473, 475, 476, 477, 482, 483, 484, 485, 486, 487, 489, 491, 492, 493, 494, 495, 496, 532, 538, 540, 541, 542, 549, 572, 577, 578, 579, 580, 581, 582, 589, 590, 591, 592, 593, 594, 598, 601, 604, 606, 607, 608, 610, 611, 612, 614, 615, 616, 617, 621, 622, 623, 624, 625, 626, 627, 629, 632, 634, 638, 639, 640, 645, 646, 649, 650, 652, 653, 655, 662, 663, 664, 665, 667, 669, 671, 680, 682, 683, 684, 685, 686, 687, 688, 689, 694, 696, 698, 699, 700, 704, 707, 708, 710, 711, 713, 714, 716, 721, 723, 725, 727, 728, 729, 730, 731, 733, 734, 738, 741, 745, 746, 747, 748, 749, 750, 753, 754, 757, 758, 759, 760, 761, 763, 764, 768, 770, 771, 772, 787, 791, 792, 793, 799, 801, 802, 803, 804, 805, 806, 807, 808, 809, 810, 811, 812, 813, 814, 816, 817, 819, 821, 823, 824, 825, 826, 827, 829, 831, 832, 833, 834, 835, 836, 838, 839, 840, 842, 847, 848, 857, 860, 861, 862, 863, 867, 869, 870, 871, 872, 873, 874, 875, 876, 882, 887, 888, 889, 890, 891, 893, 894, 898, 899, 900, 903, 904, 905, 907, 908, 909, 910, 912, 913, 914, 915, 916, 917, 918, 919, 920, 923, 933, 934, 935, 938, 939, 940, 941, 942, 943, 945, 946, 947, 948, 951, 952, 953, 954, 955, 956, 957, 958, 959, 960, 961, 964, 965, 966, 968, 969, 977, 978, 980, 981, 982, 983, 984, 985, 989, 990, 992, 993, 994, 996, 997, 999, 1000, 1001, 1002, 1003, 1004, 1005, 1010, 1011, 1012, 1013, 1019, 1020, 1021, 1022, 1023, 1024, 1025, 1026, 1027, 1028, 1029, 1030, 1031, 1032, 1033, 1034, 1035, 1036, 1037, 1038, 1039, 1040, 1043, 1044, 1045, 1046, 1056, 1057, 1058, 1059, 1060, 1061, 1062, 1063, 1064, 1065, 1069, 1071, 1074, 1075, 1076, 1077, 1078, 1079, 1081, 1083, 1090, 1091, 1092, 1093, 1094, 1097, 1098, 1100, 1101, 1107, 1109, 1111, 1112, 1115, 1116, 1117, 1118, 1119, 1120, 1121, 1123, 1124, 1125, 1127, 1129, 1132, 1133, 1134, 1135, 1136, 1139, 1140, 1141, 1142, 1143, 1146, 1157, 1158, 1159, 1163, 1173, 1174, 1175, 1177, 1178, 1182, 1183, 1184, 1185, 1186, 1187, 1188, 1191, 1197, 1198, 1199, 1200, 1201, 1205, 1209, 1210, 1212, 1213, 1214, 1215, 1222, 1228, 1231, 1233, 1235, 1236, 1237, 1239, 1240, 1241, 1242, 1243, 1244, 1246, 1247, 1248, 1249, 1250, 1251, 1252, 1253, 1256, 1257, 1258, 1263, 1264, 1265, 1266, 1270, 1291, 1292, 1298, 1299, 1300, 1301, 1302, 1303, 1304, 1305, 1307, 1308, 1309, 1311, 1313, 1314, 1315, 1316, 1317, 1318, 1319, 1320, 1324, 1325, 1326, 1327, 1329, 1330, 1331, 1332, 1333, 1334, 1335, 1336, 1339, 1340, 1341, 1342, 1343, 1344, 1345, 1346, 1347, 1348, 1349, 1350, 1351, 1355, 1356, 1357, 1358, 1363, 1364, 1367, 1370, 1371, 1373, 1374, 1376, 1377, 1379, 1382, 1385, 1386, 1387, 1388, 1389, 1390, 1392, 1394, 1398, 1402, 1406, 1411, 1412, 1413, 1415, 1416, 1418, 1419, 1421, 1422, 1425, 1426, 1427, 1430, 1433, 1442, 1444, 1445, 1446, 1448, 1452, 1453, 1454, 1455, 1456, 1457, 1458, 1462, 1464, 1467, 1468, 1471, 1472, 1474, 1482, 1485, 1486, 1487, 1488, 1489, 1492, 1493, 1496, 1497, 1501, 1505, 1506, 1507, 1509, 1511, 1512, 1513, 1514, 1515, 1517, 1521, 1522, 1523, 1529, 1538, 1539, 1540, 1541, 1542, 1543, 1544, 1545, 1548, 1549, 1550, 1551, 1555, 1558, 1560, 1561, 1562, 1563, 1564, 1565, 1568, 1569]
###########
Solution: 4
Time: 30.2020001411438
Objectives: [783.0 1.262015e6; 777.0 1.269767e6; 788.0 1.254188e6; 785.0 1.259685e6; 781.0 1.264944e6; 780.0 1.267422e6; 782.0 1.262878e6; 779.0 1.268354e6; 784.0 1.261083e6; 786.0 1.258753e6; 778.0 1.269217e6; 787.0 1.25512e6]
Centers: [149, 279, 487, 730, 994, 1010, 1190, 1250, 1507, 1526]
Points: [4, 6, 9, 10, 12, 13, 14, 15, 16, 18, 19, 20, 21, 22, 23, 25, 26, 27, 36, 38, 41, 43, 44, 45, 46, 47, 55, 56, 57, 58, 59, 60, 61, 62, 65, 66, 67, 69, 70, 71, 75, 76, 77, 83, 84, 85, 88, 89, 90, 93, 96, 97, 98, 99, 100, 101, 106, 107, 108, 109, 110, 111, 112, 113, 114, 120, 121, 123, 125, 126, 127, 137, 139, 141, 144, 146, 147, 149, 151, 152, 153, 154, 156, 157, 158, 159, 160, 161, 162, 163, 164, 165, 166, 167, 168, 169, 170, 172, 173, 174, 176, 179, 180, 193, 204, 205, 206, 207, 208, 209, 210, 211, 214, 215, 216, 217, 218, 219, 221, 222, 227, 228, 231, 242, 255, 256, 257, 259, 260, 262, 263, 264, 265, 266, 267, 268, 270, 271, 273, 274, 275, 276, 277, 279, 280, 283, 286, 287, 288, 289, 292, 293, 294, 298, 304, 305, 321, 323, 324, 325, 326, 327, 328, 332, 333, 334, 335, 348, 349, 350, 351, 356, 359, 360, 361, 362, 364, 365, 368, 369, 370, 373, 376, 387, 402, 403, 404, 405, 406, 407, 408, 409, 410, 413, 414, 416, 420, 421, 433, 439, 440, 442, 445, 451, 452, 453, 454, 459, 460, 461, 462, 463, 464, 467, 468, 472, 473, 476, 477, 482, 483, 484, 485, 486, 487, 489, 491, 492, 493, 494, 495, 496, 500, 502, 503, 521, 532, 538, 540, 541, 543, 549, 570, 571, 572, 577, 578, 579, 580, 581, 589, 590, 591, 592, 595, 598, 600, 601, 603, 604, 606, 607, 608, 610, 611, 614, 615, 616, 617, 622, 624, 626, 627, 632, 638, 639, 640, 645, 646, 647, 649, 650, 652, 653, 655, 663, 664, 665, 671, 680, 682, 683, 684, 685, 686, 688, 689, 694, 696, 699, 700, 704, 707, 708, 710, 711, 713, 714, 716, 721, 723, 725, 726, 727, 728, 730, 731, 732, 733, 734, 738, 741, 744, 745, 747, 749, 753, 757, 758, 759, 760, 761, 763, 764, 768, 770, 772, 787, 791, 792, 793, 801, 803, 804, 805, 806, 807, 808, 809, 810, 811, 812, 813, 814, 816, 817, 819, 821, 825, 826, 827, 832, 833, 834, 835, 836, 838, 839, 840, 842, 843, 844, 845, 846, 847, 848, 857, 861, 863, 867, 869, 871, 872, 873, 874, 875, 876, 893, 894, 898, 899, 900, 903, 904, 905, 907, 908, 910, 912, 913, 914, 915, 916, 917, 918, 919, 920, 923, 930, 931, 933, 934, 938, 939, 940, 941, 942, 943, 944, 945, 946, 947, 948, 951, 952, 953, 954, 955, 956, 957, 958, 959, 960, 961, 965, 966, 968, 969, 975, 976, 977, 978, 980, 981, 982, 983, 984, 985, 989, 990, 991, 992, 993, 994, 996, 997, 999, 1000, 1001, 1002, 1003, 1004, 1005, 1010, 1011, 1012, 1013, 1014, 1015, 1016, 1017, 1018, 1019, 1020, 1021, 1022, 1023, 1024, 1025, 1026, 1027, 1028, 1030, 1031, 1032, 1033, 1034, 1035, 1036, 1037, 1038, 1039, 1040, 1043, 1044, 1045, 1046, 1055, 1056, 1057, 1058, 1059, 1060, 1061, 1062, 1063, 1064, 1065, 1067, 1068, 1069, 1074, 1075, 1076, 1079, 1081, 1082, 1083, 1084, 1085, 1086, 1087, 1088, 1089, 1090, 1091, 1093, 1094, 1097, 1098, 1101, 1107, 1110, 1111, 1112, 1115, 1116, 1117, 1118, 1119, 1120, 1121, 1123, 1124, 1125, 1126, 1127, 1129, 1132, 1133, 1134, 1135, 1136, 1139, 1140, 1141, 1142, 1143, 1146, 1147, 1148, 1149, 1150, 1151, 1152, 1153, 1154, 1157, 1158, 1159, 1163, 1166, 1173, 1174, 1175, 1177, 1178, 1182, 1183, 1184, 1185, 1186, 1187, 1188, 1189, 1190, 1191, 1198, 1199, 1200, 1205, 1209, 1210, 1211, 1213, 1214, 1215, 1216, 1217, 1218, 1219, 1220, 1221, 1228, 1235, 1236, 1237, 1239, 1240, 1241, 1242, 1243, 1244, 1245, 1246, 1247, 1248, 1249, 1250, 1254, 1255, 1256, 1257, 1258, 1260, 1262, 1263, 1264, 1265, 1266, 1268, 1269, 1270, 1271, 1281, 1282, 1283, 1284, 1285, 1291, 1292, 1299, 1300, 1301, 1302, 1303, 1304, 1305, 1306, 1307, 1308, 1309, 1310, 1311, 1312, 1313, 1314, 1315, 1316, 1318, 1319, 1321, 1322, 1323, 1325, 1326, 1329, 1330, 1333, 1334, 1336, 1340, 1341, 1344, 1345, 1346, 1347, 1348, 1349, 1350, 1351, 1352, 1355, 1356, 1357, 1358, 1364, 1367, 1370, 1371, 1373, 1385, 1386, 1387, 1388, 1389, 1392, 1394, 1398, 1402, 1406, 1411, 1412, 1413, 1416, 1418, 1419, 1421, 1422, 1423, 1424, 1425, 1426, 1427, 1442, 1444, 1445, 1446, 1452, 1453, 1454, 1455, 1456, 1457, 1462, 1464, 1467, 1468, 1472, 1473, 1475, 1480, 1482, 1483, 1485, 1486, 1488, 1489, 1491, 1492, 1493, 1497, 1499, 1501, 1505, 1506, 1507, 1509, 1511, 1512, 1514, 1515, 1517, 1518, 1519, 1520, 1521, 1522, 1525, 1526, 1529, 1530, 1538, 1539, 1540, 1541, 1542, 1544, 1545, 1547, 1548, 1549, 1550, 1551, 1555, 1557, 1558, 1559, 1560, 1563, 1564, 1565, 1567, 1568, 1569]
###########
Solution: 5
Time: 30.2020001411438
Objectives: [783.0 1.262015e6; 777.0 1.269767e6; 788.0 1.254188e6; 785.0 1.259685e6; 781.0 1.264944e6; 780.0 1.267422e6; 782.0 1.262878e6; 779.0 1.268354e6; 784.0 1.261083e6; 786.0 1.258753e6; 778.0 1.269217e6; 787.0 1.25512e6]
Centers: [149, 185, 487, 730, 994, 1010, 1015, 1059, 1190, 1250]
Points: [4, 6, 8, 9, 10, 12, 13, 14, 15, 16, 18, 19, 20, 21, 22, 23, 25, 26, 27, 36, 38, 41, 43, 44, 45, 46, 47, 55, 56, 57, 58, 59, 60, 61, 62, 65, 66, 67, 69, 70, 71, 75, 76, 77, 80, 83, 84, 85, 88, 89, 90, 93, 96, 97, 98, 99, 100, 101, 106, 107, 108, 109, 110, 111, 112, 113, 114, 120, 121, 122, 123, 125, 126, 127, 137, 139, 141, 144, 146, 147, 149, 151, 152, 153, 154, 156, 157, 158, 159, 160, 161, 162, 163, 164, 165, 166, 167, 168, 169, 170, 172, 173, 174, 176, 179, 180, 184, 185, 186, 187, 189, 190, 191, 192, 193, 194, 204, 205, 206, 207, 208, 209, 210, 211, 214, 215, 216, 217, 218, 221, 222, 227, 228, 231, 242, 255, 256, 257, 259, 260, 262, 263, 264, 265, 266, 267, 268, 270, 271, 273, 274, 275, 276, 277, 279, 280, 287, 288, 289, 291, 292, 293, 294, 298, 304, 305, 321, 323, 324, 325, 326, 327, 328, 329, 332, 342, 349, 350, 351, 356, 359, 360, 361, 362, 365, 366, 368, 369, 370, 373, 374, 376, 387, 402, 403, 404, 405, 406, 407, 408, 409, 410, 413, 414, 416, 420, 421, 433, 439, 442, 451, 452, 453, 454, 459, 460, 461, 462, 463, 464, 467, 468, 472, 473, 475, 476, 477, 482, 483, 484, 485, 486, 487, 489, 491, 492, 493, 494, 495, 496, 500, 502, 503, 521, 532, 538, 540, 541, 543, 549, 570, 571, 572, 577, 578, 579, 580, 581, 589, 590, 591, 592, 595, 598, 600, 601, 603, 604, 606, 607, 608, 610, 611, 614, 615, 616, 617, 622, 623, 624, 625, 629, 632, 634, 638, 639, 640, 645, 646, 649, 650, 652, 653, 655, 663, 664, 665, 667, 669, 671, 680, 682, 683, 684, 685, 686, 688, 689, 694, 696, 698, 699, 700, 704, 707, 708, 710, 711, 713, 714, 716, 718, 721, 725, 726, 727, 728, 730, 731, 732, 733, 734, 736, 738, 741, 747, 749, 753, 754, 757, 758, 759, 760, 761, 763, 764, 768, 770, 772, 787, 791, 792, 793, 801, 803, 804, 805, 806, 807, 808, 809, 810, 811, 812, 813, 814, 816, 817, 819, 821, 827, 829, 832, 833, 834, 835, 836, 838, 839, 840, 842, 843, 844, 845, 846, 847, 848, 857, 861, 862, 863, 867, 869, 871, 872, 873, 874, 875, 876, 893, 894, 898, 899, 900, 903, 904, 905, 910, 912, 913, 914, 915, 916, 917, 918, 930, 931, 933, 934, 938, 939, 940, 941, 942, 943, 944, 945, 946, 947, 948, 951, 952, 953, 954, 955, 956, 957, 958, 959, 960, 961, 965, 966, 968, 969, 975, 976, 977, 978, 980, 981, 982, 983, 984, 985, 989, 990, 991, 992, 993, 994, 996, 997, 999, 1000, 1001, 1002, 1003, 1004, 1005, 1010, 1011, 1012, 1013, 1015, 1016, 1017, 1018, 1019, 1020, 1021, 1022, 1023, 1024, 1025, 1026, 1027, 1028, 1029, 1030, 1031, 1032, 1033, 1034, 1035, 1036, 1037, 1038, 1039, 1040, 1046, 1048, 1055, 1056, 1057, 1058, 1059, 1060, 1061, 1062, 1063, 1064, 1069, 1070, 1071, 1074, 1075, 1076, 1077, 1078, 1079, 1081, 1090, 1091, 1093, 1094, 1097, 1098, 1101, 1107, 1110, 1111, 1112, 1113, 1115, 1116, 1117, 1118, 1119, 1120, 1121, 1129, 1132, 1133, 1134, 1135, 1136, 1139, 1140, 1141, 1142, 1143, 1146, 1148, 1149, 1150, 1151, 1152, 1153, 1154, 1157, 1158, 1159, 1163, 1166, 1173, 1174, 1175, 1176, 1177, 1178, 1182, 1183, 1184, 1185, 1186, 1187, 1188, 1189, 1190, 1191, 1198, 1199, 1200, 1201, 1205, 1209, 1210, 1211, 1213, 1214, 1215, 1216, 1217, 1218, 1219, 1220, 1221, 1222, 1225, 1226, 1228, 1230, 1231, 1232, 1233, 1235, 1236, 1239, 1240, 1241, 1242, 1243, 1244, 1245, 1246, 1247, 1248, 1249, 1250, 1254, 1255, 1256, 1257, 1260, 1262, 1263, 1264, 1265, 1266, 1268, 1269, 1270, 1271, 1281, 1282, 1283, 1284, 1285, 1291, 1292, 1299, 1300, 1301, 1302, 1303, 1304, 1305, 1306, 1307, 1308, 1309, 1310, 1311, 1312, 1313, 1314, 1315, 1316, 1317, 1318, 1319, 1320, 1321, 1322, 1323, 1325, 1326, 1329, 1330, 1333, 1334, 1336, 1340, 1341, 1344, 1345, 1346, 1347, 1348, 1349, 1350, 1351, 1355, 1356, 1357, 1358, 1364, 1367, 1370, 1371, 1373, 1374, 1376, 1377, 1382, 1385, 1386, 1387, 1388, 1389, 1390, 1392, 1394, 1398, 1402, 1406, 1411, 1412, 1413, 1419, 1421, 1422, 1425, 1426, 1427, 1430, 1442, 1443, 1444, 1445, 1446, 1452, 1453, 1454, 1455, 1456, 1457, 1462, 1464, 1467, 1468, 1472, 1473, 1475, 1480, 1482, 1483, 1485, 1486, 1488, 1489, 1492, 1493, 1497, 1501, 1505, 1509, 1511, 1512, 1514, 1515, 1516, 1517, 1518, 1521, 1522, 1525, 1526, 1529, 1538, 1539, 1540, 1541, 1542, 1544, 1545, 1548, 1550, 1551, 1555, 1557, 1558, 1559, 1560, 1563, 1564, 1565, 1567, 1568, 1569]
###########
Solution: 6
Time: 30.2020001411438
Objectives: [783.0 1.262015e6; 777.0 1.269767e6; 788.0 1.254188e6; 785.0 1.259685e6; 781.0 1.264944e6; 780.0 1.267422e6; 782.0 1.262878e6; 779.0 1.268354e6; 784.0 1.261083e6; 786.0 1.258753e6; 778.0 1.269217e6; 787.0 1.25512e6]
Centers: [149, 487, 730, 994, 1010, 1059, 1190, 1222, 1250, 1526]
Points: [4, 6, 8, 9, 10, 12, 13, 14, 15, 16, 18, 19, 20, 21, 22, 23, 25, 26, 27, 36, 38, 41, 43, 44, 45, 46, 47, 55, 56, 57, 58, 59, 60, 61, 62, 65, 66, 67, 69, 70, 71, 75, 76, 77, 80, 83, 84, 85, 88, 89, 90, 93, 96, 97, 98, 99, 100, 101, 106, 107, 108, 109, 110, 111, 112, 113, 114, 120, 121, 123, 125, 126, 127, 137, 139, 141, 144, 146, 147, 149, 151, 152, 153, 154, 156, 157, 158, 159, 160, 161, 162, 163, 164, 165, 166, 167, 168, 169, 170, 172, 173, 174, 176, 179, 180, 184, 185, 186, 187, 189, 190, 191, 192, 193, 194, 204, 205, 206, 207, 208, 209, 210, 211, 214, 215, 216, 217, 218, 221, 222, 227, 228, 231, 242, 255, 256, 257, 259, 260, 262, 263, 264, 265, 266, 267, 268, 270, 271, 273, 274, 275, 276, 277, 279, 280, 287, 288, 289, 291, 292, 293, 294, 298, 304, 305, 321, 323, 324, 325, 326, 327, 328, 329, 332, 333, 342, 349, 350, 351, 356, 359, 360, 361, 362, 365, 366, 368, 369, 370, 373, 374, 376, 387, 402, 403, 404, 405, 406, 407, 408, 409, 410, 413, 414, 416, 420, 421, 433, 439, 442, 451, 452, 453, 454, 459, 460, 461, 462, 463, 464, 467, 468, 472, 473, 475, 476, 477, 482, 483, 484, 485, 486, 487, 489, 491, 492, 493, 494, 495, 496, 500, 502, 503, 521, 532, 538, 540, 541, 543, 549, 570, 571, 572, 577, 578, 579, 580, 581, 589, 590, 591, 592, 595, 598, 600, 601, 603, 604, 606, 607, 608, 610, 611, 614, 615, 616, 617, 622, 623, 624, 629, 632, 634, 638, 639, 640, 645, 646, 649, 650, 652, 653, 655, 663, 664, 665, 667, 669, 671, 680, 682, 683, 684, 685, 686, 688, 689, 694, 696, 698, 699, 700, 704, 707, 708, 710, 711, 713, 714, 716, 721, 723, 725, 726, 727, 728, 730, 731, 732, 733, 734, 736, 738, 741, 747, 749, 753, 754, 757, 758, 759, 760, 761, 763, 764, 768, 770, 772, 787, 791, 792, 793, 801, 803, 804, 805, 806, 807, 808, 809, 810, 811, 812, 813, 814, 816, 817, 819, 821, 827, 829, 832, 833, 834, 835, 836, 838, 839, 840, 842, 843, 844, 845, 846, 847, 848, 857, 861, 862, 863, 867, 869, 871, 872, 873, 874, 875, 876, 893, 894, 898, 899, 900, 903, 904, 905, 910, 912, 913, 914, 915, 916, 917, 918, 930, 931, 933, 934, 938, 939, 940, 941, 942, 943, 944, 945, 946, 947, 948, 951, 952, 953, 954, 955, 956, 957, 958, 959, 960, 961, 965, 966, 968, 969, 975, 976, 977, 978, 980, 981, 982, 983, 984, 985, 989, 990, 991, 992, 993, 994, 996, 997, 999, 1000, 1001, 1002, 1003, 1004, 1005, 1010, 1011, 1012, 1013, 1015, 1016, 1017, 1018, 1019, 1020, 1021, 1022, 1023, 1024, 1025, 1026, 1027, 1028, 1029, 1030, 1031, 1032, 1033, 1034, 1035, 1036, 1037, 1038, 1039, 1040, 1046, 1047, 1048, 1055, 1056, 1057, 1058, 1059, 1060, 1061, 1062, 1063, 1064, 1069, 1070, 1071, 1074, 1075, 1076, 1077, 1078, 1079, 1090, 1091, 1093, 1094, 1097, 1098, 1101, 1107, 1110, 1111, 1112, 1113, 1115, 1116, 1117, 1118, 1119, 1120, 1121, 1129, 1132, 1133, 1134, 1135, 1136, 1139, 1140, 1141, 1142, 1143, 1146, 1148, 1149, 1150, 1151, 1152, 1153, 1154, 1157, 1158, 1159, 1163, 1166, 1173, 1174, 1175, 1176, 1177, 1178, 1183, 1184, 1185, 1186, 1187, 1188, 1189, 1190, 1191, 1198, 1199, 1200, 1201, 1205, 1209, 1210, 1211, 1213, 1214, 1215, 1216, 1217, 1218, 1219, 1220, 1221, 1222, 1223, 1224, 1225, 1226, 1228, 1229, 1230, 1231, 1232, 1233, 1234, 1235, 1236, 1239, 1240, 1241, 1242, 1243, 1244, 1245, 1246, 1247, 1248, 1249, 1250, 1254, 1255, 1256, 1257, 1260, 1262, 1263, 1264, 1265, 1266, 1268, 1269, 1270, 1271, 1281, 1282, 1283, 1284, 1285, 1291, 1292, 1299, 1300, 1301, 1302, 1303, 1304, 1305, 1306, 1307, 1308, 1309, 1310, 1311, 1312, 1313, 1314, 1315, 1316, 1317, 1318, 1319, 1321, 1322, 1323, 1325, 1326, 1329, 1330, 1333, 1334, 1336, 1340, 1341, 1344, 1345, 1346, 1347, 1348, 1349, 1350, 1351, 1355, 1356, 1357, 1358, 1364, 1367, 1370, 1371, 1373, 1374, 1376, 1377, 1382, 1385, 1386, 1387, 1388, 1389, 1390, 1392, 1394, 1398, 1402, 1406, 1411, 1412, 1413, 1419, 1421, 1422, 1425, 1426, 1427, 1430, 1442, 1443, 1444, 1445, 1446, 1452, 1453, 1454, 1455, 1456, 1457, 1462, 1464, 1467, 1468, 1472, 1473, 1475, 1480, 1482, 1483, 1485, 1486, 1488, 1489, 1491, 1492, 1493, 1497, 1501, 1505, 1509, 1511, 1512, 1515, 1516, 1517, 1518, 1521, 1522, 1525, 1526, 1527, 1529, 1538, 1539, 1540, 1541, 1542, 1544, 1545, 1555, 1557, 1558, 1559, 1560, 1563, 1564, 1565, 1567, 1568, 1569]
###########
Solution: 7
Time: 30.2020001411438
Objectives: [783.0 1.262015e6; 777.0 1.269767e6; 788.0 1.254188e6; 785.0 1.259685e6; 781.0 1.264944e6; 780.0 1.267422e6; 782.0 1.262878e6; 779.0 1.268354e6; 784.0 1.261083e6; 786.0 1.258753e6; 778.0 1.269217e6; 787.0 1.25512e6]
Centers: [149, 487, 730, 994, 1010, 1140, 1190, 1250, 1519, 1526]
Points: [4, 6, 8, 9, 10, 12, 13, 14, 15, 16, 18, 19, 20, 21, 22, 23, 25, 26, 27, 36, 38, 41, 43, 44, 45, 46, 47, 55, 56, 57, 58, 59, 60, 61, 62, 65, 66, 67, 69, 70, 71, 75, 76, 77, 83, 84, 85, 88, 89, 90, 93, 96, 97, 98, 99, 100, 101, 106, 107, 108, 109, 110, 111, 112, 113, 114, 120, 121, 123, 125, 126, 127, 137, 139, 141, 144, 146, 147, 149, 151, 152, 153, 154, 156, 157, 158, 159, 160, 161, 162, 163, 164, 165, 166, 167, 168, 169, 170, 172, 173, 174, 176, 179, 180, 193, 204, 205, 206, 207, 208, 209, 210, 211, 214, 215, 216, 217, 218, 219, 221, 222, 227, 228, 231, 241, 242, 255, 256, 257, 259, 260, 262, 263, 264, 265, 266, 267, 268, 270, 271, 273, 274, 275, 276, 277, 279, 280, 286, 287, 288, 289, 292, 293, 294, 298, 304, 305, 321, 323, 324, 325, 326, 327, 328, 332, 333, 334, 335, 336, 348, 349, 350, 351, 356, 359, 360, 361, 362, 365, 368, 369, 370, 376, 387, 402, 403, 404, 405, 406, 407, 408, 409, 410, 413, 414, 415, 416, 420, 421, 422, 433, 439, 440, 442, 451, 452, 453, 454, 459, 460, 461, 462, 463, 464, 467, 468, 472, 473, 476, 477, 482, 483, 484, 485, 486, 487, 489, 491, 492, 493, 494, 495, 496, 500, 502, 503, 521, 532, 538, 540, 541, 543, 549, 570, 571, 572, 577, 578, 579, 580, 581, 589, 590, 591, 592, 595, 598, 600, 601, 603, 604, 606, 607, 608, 610, 611, 614, 615, 616, 617, 622, 624, 626, 627, 632, 634, 638, 639, 640, 645, 646, 649, 650, 652, 653, 655, 662, 663, 664, 665, 671, 680, 682, 683, 684, 685, 686, 688, 689, 694, 696, 699, 700, 704, 707, 708, 710, 711, 713, 714, 716, 721, 723, 725, 726, 727, 728, 730, 731, 732, 733, 734, 738, 744, 745, 747, 749, 753, 754, 757, 758, 759, 760, 761, 763, 764, 768, 770, 772, 787, 791, 792, 793, 801, 803, 804, 805, 806, 807, 808, 809, 810, 811, 812, 813, 814, 816, 819, 821, 826, 827, 832, 833, 834, 835, 836, 838, 839, 840, 842, 843, 844, 845, 846, 847, 848, 857, 861, 863, 867, 869, 871, 872, 873, 874, 876, 893, 894, 898, 899, 900, 904, 905, 908, 910, 912, 913, 914, 915, 916, 917, 918, 919, 920, 930, 931, 933, 934, 938, 939, 940, 941, 942, 943, 944, 945, 946, 947, 948, 951, 952, 953, 954, 955, 956, 957, 958, 959, 960, 961, 965, 966, 968, 969, 975, 976, 977, 978, 980, 981, 982, 983, 984, 985, 989, 990, 991, 992, 993, 994, 996, 997, 999, 1000, 1001, 1002, 1003, 1004, 1005, 1010, 1011, 1012, 1013, 1015, 1016, 1017, 1018, 1019, 1020, 1021, 1022, 1023, 1024, 1025, 1026, 1027, 1028, 1030, 1031, 1032, 1033, 1034, 1035, 1036, 1037, 1038, 1039, 1040, 1043, 1044, 1045, 1046, 1055, 1056, 1057, 1058, 1059, 1060, 1061, 1062, 1063, 1064, 1065, 1067, 1068, 1069, 1074, 1075, 1076, 1077, 1079, 1081, 1082, 1083, 1084, 1085, 1086, 1087, 1088, 1089, 1090, 1091, 1093, 1094, 1097, 1098, 1101, 1106, 1107, 1108, 1110, 1111, 1112, 1115, 1116, 1117, 1118, 1119, 1120, 1121, 1123, 1124, 1125, 1126, 1127, 1129, 1132, 1133, 1134, 1135, 1136, 1139, 1140, 1141, 1142, 1143, 1146, 1147, 1148, 1149, 1150, 1151, 1152, 1153, 1154, 1157, 1158, 1159, 1163, 1166, 1173, 1174, 1175, 1177, 1178, 1182, 1183, 1184, 1185, 1186, 1187, 1188, 1189, 1190, 1191, 1198, 1199, 1200, 1205, 1209, 1210, 1211, 1213, 1214, 1215, 1216, 1217, 1218, 1219, 1220, 1221, 1228, 1235, 1236, 1237, 1239, 1240, 1241, 1242, 1243, 1244, 1245, 1246, 1247, 1248, 1249, 1250, 1254, 1255, 1256, 1257, 1258, 1260, 1262, 1263, 1264, 1265, 1266, 1268, 1269, 1270, 1271, 1281, 1282, 1283, 1284, 1285, 1291, 1292, 1299, 1300, 1301, 1302, 1303, 1304, 1305, 1306, 1307, 1308, 1309, 1310, 1311, 1312, 1313, 1314, 1315, 1316, 1318, 1319, 1321, 1322, 1323, 1325, 1326, 1329, 1330, 1333, 1334, 1336, 1340, 1341, 1344, 1345, 1346, 1347, 1348, 1349, 1350, 1351, 1352, 1355, 1356, 1357, 1358, 1364, 1367, 1370, 1371, 1373, 1385, 1386, 1387, 1388, 1389, 1392, 1394, 1398, 1402, 1406, 1411, 1412, 1413, 1418, 1419, 1421, 1422, 1423, 1424, 1425, 1426, 1427, 1432, 1442, 1443, 1444, 1445, 1446, 1452, 1453, 1454, 1455, 1456, 1457, 1462, 1464, 1467, 1468, 1472, 1473, 1475, 1480, 1482, 1483, 1485, 1486, 1488, 1489, 1491, 1492, 1493, 1497, 1499, 1501, 1505, 1506, 1507, 1509, 1511, 1512, 1515, 1517, 1518, 1519, 1520, 1521, 1522, 1525, 1526, 1529, 1530, 1538, 1539, 1540, 1541, 1542, 1544, 1545, 1547, 1548, 1550, 1551, 1555, 1557, 1558, 1559, 1560, 1563, 1564, 1565, 1567, 1568, 1569]
###########
Solution: 8
Time: 30.2020001411438
Objectives: [783.0 1.262015e6; 777.0 1.269767e6; 788.0 1.254188e6; 785.0 1.259685e6; 781.0 1.264944e6; 780.0 1.267422e6; 782.0 1.262878e6; 779.0 1.268354e6; 784.0 1.261083e6; 786.0 1.258753e6; 778.0 1.269217e6; 787.0 1.25512e6]
Centers: [149, 279, 487, 730, 994, 1010, 1190, 1222, 1250, 1526]
Points: [4, 6, 9, 10, 12, 13, 14, 15, 16, 18, 19, 20, 21, 22, 23, 25, 26, 27, 36, 38, 41, 43, 44, 45, 46, 47, 55, 56, 57, 58, 59, 60, 61, 62, 65, 66, 67, 69, 70, 71, 75, 76, 77, 83, 84, 85, 88, 89, 90, 93, 96, 97, 98, 99, 100, 101, 106, 107, 108, 109, 110, 111, 112, 113, 114, 120, 121, 123, 125, 126, 127, 137, 139, 141, 144, 146, 147, 149, 151, 152, 153, 154, 156, 157, 158, 159, 160, 161, 162, 163, 164, 165, 166, 167, 168, 169, 170, 172, 173, 174, 176, 179, 180, 184, 185, 186, 187, 189, 190, 191, 192, 193, 194, 204, 205, 206, 207, 208, 209, 210, 211, 214, 215, 216, 217, 218, 221, 222, 227, 228, 231, 242, 255, 256, 257, 259, 260, 262, 263, 264, 265, 266, 267, 268, 270, 271, 273, 274, 275, 276, 277, 279, 280, 283, 286, 287, 288, 289, 291, 292, 293, 294, 298, 304, 305, 321, 323, 324, 325, 326, 327, 328, 329, 332, 333, 342, 349, 350, 351, 356, 359, 360, 361, 362, 365, 366, 368, 369, 370, 373, 376, 387, 402, 403, 404, 405, 406, 407, 408, 409, 410, 413, 414, 416, 420, 421, 433, 439, 440, 442, 445, 451, 452, 453, 454, 459, 460, 461, 462, 463, 464, 467, 468, 472, 473, 476, 477, 482, 483, 484, 485, 486, 487, 489, 491, 492, 493, 494, 495, 496, 500, 502, 503, 521, 532, 538, 540, 541, 543, 549, 570, 571, 572, 577, 578, 579, 580, 581, 589, 590, 591, 592, 595, 598, 600, 601, 603, 604, 606, 607, 608, 610, 611, 614, 615, 616, 617, 622, 623, 624, 629, 632, 634, 638, 639, 640, 645, 646, 647, 649, 650, 652, 653, 655, 663, 664, 665, 667, 671, 680, 682, 683, 684, 685, 686, 688, 689, 694, 696, 699, 700, 704, 707, 708, 710, 711, 713, 714, 716, 721, 723, 725, 726, 727, 728, 730, 731, 732, 733, 734, 736, 738, 741, 747, 749, 753, 757, 758, 759, 760, 761, 763, 764, 768, 770, 772, 787, 791, 792, 793, 801, 803, 804, 805, 806, 807, 808, 809, 810, 811, 812, 813, 814, 816, 817, 819, 821, 827, 829, 832, 833, 834, 835, 836, 838, 839, 840, 842, 843, 844, 845, 846, 847, 848, 857, 861, 862, 863, 867, 869, 871, 872, 873, 874, 875, 876, 893, 894, 898, 899, 900, 903, 904, 905, 910, 912, 913, 914, 915, 916, 917, 918, 930, 931, 933, 934, 938, 939, 940, 941, 942, 943, 944, 945, 946, 947, 948, 951, 952, 953, 954, 955, 956, 957, 958, 959, 960, 961, 965, 966, 968, 969, 975, 976, 977, 978, 980, 981, 982, 983, 984, 985, 989, 990, 991, 992, 993, 994, 996, 997, 999, 1000, 1001, 1002, 1003, 1004, 1005, 1010, 1011, 1012, 1013, 1015, 1016, 1017, 1018, 1019, 1020, 1021, 1022, 1023, 1024, 1025, 1026, 1027, 1028, 1029, 1030, 1031, 1032, 1033, 1034, 1035, 1036, 1037, 1038, 1039, 1040, 1046, 1047, 1048, 1055, 1056, 1057, 1058, 1059, 1060, 1061, 1062, 1063, 1064, 1069, 1070, 1071, 1074, 1075, 1076, 1079, 1090, 1091, 1093, 1094, 1097, 1098, 1101, 1107, 1110, 1111, 1112, 1113, 1115, 1116, 1117, 1118, 1119, 1120, 1121, 1129, 1132, 1133, 1134, 1135, 1136, 1139, 1140, 1141, 1142, 1143, 1146, 1148, 1149, 1150, 1151, 1152, 1153, 1154, 1157, 1158, 1159, 1163, 1166, 1173, 1174, 1175, 1176, 1177, 1178, 1183, 1184, 1185, 1186, 1187, 1188, 1189, 1190, 1191, 1198, 1199, 1200, 1201, 1205, 1209, 1210, 1211, 1213, 1214, 1215, 1216, 1217, 1218, 1219, 1220, 1221, 1222, 1223, 1224, 1225, 1226, 1228, 1229, 1230, 1231, 1232, 1233, 1234, 1235, 1236, 1239, 1240, 1241, 1242, 1243, 1244, 1245, 1246, 1247, 1248, 1249, 1250, 1254, 1255, 1256, 1257, 1260, 1262, 1263, 1264, 1265, 1266, 1268, 1269, 1270, 1271, 1281, 1282, 1283, 1284, 1285, 1291, 1292, 1299, 1300, 1301, 1302, 1303, 1304, 1305, 1306, 1307, 1308, 1309, 1310, 1311, 1312, 1313, 1314, 1315, 1316, 1317, 1318, 1319, 1321, 1322, 1323, 1325, 1326, 1329, 1330, 1333, 1334, 1336, 1340, 1341, 1344, 1345, 1346, 1347, 1348, 1349, 1350, 1351, 1352, 1355, 1356, 1357, 1358, 1364, 1367, 1370, 1371, 1373, 1374, 1376, 1377, 1382, 1385, 1386, 1387, 1388, 1389, 1390, 1392, 1394, 1398, 1402, 1406, 1411, 1412, 1413, 1419, 1421, 1422, 1423, 1424, 1425, 1426, 1427, 1430, 1442, 1443, 1444, 1445, 1446, 1452, 1453, 1454, 1455, 1456, 1457, 1462, 1464, 1467, 1468, 1472, 1473, 1475, 1480, 1482, 1483, 1485, 1486, 1488, 1489, 1491, 1492, 1493, 1497, 1501, 1505, 1509, 1511, 1512, 1515, 1516, 1517, 1518, 1521, 1522, 1525, 1526, 1527, 1529, 1538, 1539, 1540, 1541, 1542, 1544, 1545, 1555, 1557, 1558, 1559, 1560, 1563, 1564, 1565, 1567, 1568, 1569]
###########
Solution: 9
Time: 30.2020001411438
Objectives: [783.0 1.262015e6; 777.0 1.269767e6; 788.0 1.254188e6; 785.0 1.259685e6; 781.0 1.264944e6; 780.0 1.267422e6; 782.0 1.262878e6; 779.0 1.268354e6; 784.0 1.261083e6; 786.0 1.258753e6; 778.0 1.269217e6; 787.0 1.25512e6]
Centers: [149, 487, 730, 994, 1010, 1059, 1190, 1250, 1519, 1526]
Points: [4, 6, 8, 9, 10, 12, 13, 14, 15, 16, 18, 19, 20, 21, 22, 23, 25, 26, 27, 36, 38, 41, 43, 44, 45, 46, 47, 55, 56, 57, 58, 59, 60, 61, 62, 65, 66, 67, 69, 70, 71, 75, 76, 77, 80, 83, 84, 85, 88, 89, 90, 93, 96, 97, 98, 99, 100, 101, 106, 107, 108, 109, 110, 111, 112, 113, 114, 120, 121, 123, 125, 126, 127, 137, 139, 141, 144, 146, 147, 149, 151, 152, 153, 154, 156, 157, 158, 159, 160, 161, 162, 163, 164, 165, 166, 167, 168, 169, 170, 172, 173, 174, 176, 179, 180, 193, 204, 205, 206, 207, 208, 209, 210, 211, 214, 215, 216, 217, 218, 219, 221, 222, 227, 228, 231, 241, 242, 255, 256, 257, 259, 260, 262, 263, 264, 265, 266, 267, 268, 270, 271, 273, 274, 275, 276, 277, 279, 280, 287, 288, 289, 292, 293, 294, 298, 304, 305, 321, 323, 324, 325, 326, 327, 328, 332, 333, 334, 335, 336, 348, 349, 350, 351, 356, 359, 360, 361, 362, 365, 368, 369, 370, 373, 374, 376, 387, 402, 403, 404, 405, 406, 407, 408, 409, 410, 413, 414, 416, 420, 421, 433, 439, 442, 451, 452, 453, 454, 459, 460, 461, 462, 463, 464, 467, 468, 472, 473, 475, 476, 477, 482, 483, 484, 485, 486, 487, 489, 491, 492, 493, 494, 495, 496, 500, 502, 503, 521, 532, 538, 540, 541, 543, 549, 570, 571, 572, 577, 578, 579, 580, 581, 589, 590, 591, 592, 595, 598, 600, 601, 603, 604, 606, 607, 608, 610, 611, 614, 615, 616, 617, 622, 624, 626, 627, 632, 634, 638, 639, 640, 645, 646, 649, 650, 652, 653, 655, 662, 663, 664, 665, 669, 671, 680, 682, 683, 684, 685, 686, 688, 689, 694, 696, 698, 699, 700, 704, 707, 708, 710, 711, 713, 714, 716, 721, 723, 725, 726, 727, 728, 730, 731, 732, 733, 734, 738, 741, 744, 745, 747, 749, 753, 754, 757, 758, 759, 760, 761, 763, 764, 768, 770, 772, 787, 791, 792, 793, 801, 803, 804, 805, 806, 807, 808, 809, 810, 811, 812, 813, 814, 816, 817, 819, 821, 826, 827, 832, 833, 834, 835, 836, 838, 839, 840, 842, 843, 844, 845, 846, 847, 848, 857, 861, 863, 867, 869, 871, 872, 873, 874, 875, 876, 893, 894, 898, 899, 900, 903, 904, 905, 908, 910, 912, 913, 914, 915, 916, 917, 918, 919, 920, 930, 931, 933, 934, 938, 939, 940, 941, 942, 943, 944, 945, 946, 947, 948, 951, 952, 953, 954, 955, 956, 957, 958, 959, 960, 961, 965, 966, 968, 969, 975, 976, 977, 978, 980, 981, 982, 983, 984, 985, 989, 990, 991, 992, 993, 994, 996, 997, 999, 1000, 1001, 1002, 1003, 1004, 1005, 1010, 1011, 1012, 1013, 1015, 1016, 1017, 1018, 1019, 1020, 1021, 1022, 1023, 1024, 1025, 1026, 1027, 1028, 1030, 1031, 1032, 1033, 1034, 1035, 1036, 1037, 1038, 1039, 1040, 1043, 1044, 1045, 1046, 1055, 1056, 1057, 1058, 1059, 1060, 1061, 1062, 1063, 1064, 1065, 1067, 1068, 1069, 1074, 1075, 1076, 1077, 1078, 1079, 1081, 1082, 1083, 1084, 1085, 1086, 1087, 1088, 1089, 1090, 1091, 1093, 1094, 1097, 1098, 1101, 1107, 1110, 1111, 1112, 1115, 1116, 1117, 1118, 1119, 1120, 1121, 1123, 1124, 1125, 1126, 1127, 1129, 1132, 1133, 1134, 1135, 1136, 1139, 1140, 1141, 1142, 1143, 1146, 1147, 1148, 1149, 1150, 1151, 1152, 1153, 1154, 1157, 1158, 1159, 1163, 1166, 1173, 1174, 1175, 1177, 1178, 1182, 1183, 1184, 1185, 1186, 1187, 1188, 1189, 1190, 1191, 1198, 1199, 1200, 1205, 1209, 1210, 1211, 1213, 1214, 1215, 1216, 1217, 1218, 1219, 1220, 1221, 1228, 1235, 1236, 1237, 1239, 1240, 1241, 1242, 1243, 1244, 1245, 1246, 1247, 1248, 1249, 1250, 1254, 1255, 1256, 1257, 1258, 1260, 1262, 1263, 1264, 1265, 1266, 1268, 1269, 1270, 1271, 1281, 1282, 1283, 1284, 1285, 1291, 1292, 1299, 1300, 1301, 1302, 1303, 1304, 1305, 1306, 1307, 1308, 1309, 1310, 1311, 1312, 1313, 1314, 1315, 1316, 1318, 1319, 1321, 1322, 1323, 1325, 1326, 1329, 1330, 1333, 1334, 1336, 1340, 1341, 1344, 1345, 1346, 1347, 1348, 1349, 1350, 1351, 1355, 1356, 1357, 1358, 1364, 1367, 1370, 1371, 1373, 1385, 1386, 1387, 1388, 1389, 1392, 1394, 1398, 1402, 1406, 1411, 1412, 1413, 1418, 1419, 1421, 1422, 1425, 1426, 1427, 1432, 1442, 1443, 1444, 1445, 1446, 1452, 1453, 1454, 1455, 1456, 1457, 1462, 1464, 1467, 1468, 1472, 1473, 1475, 1480, 1482, 1483, 1485, 1486, 1488, 1489, 1491, 1492, 1493, 1497, 1499, 1501, 1505, 1506, 1507, 1509, 1511, 1512, 1515, 1517, 1518, 1519, 1520, 1521, 1522, 1525, 1526, 1529, 1530, 1538, 1539, 1540, 1541, 1542, 1544, 1545, 1547, 1548, 1550, 1551, 1555, 1557, 1558, 1559, 1560, 1563, 1564, 1565, 1567, 1568, 1569]
###########
Solution: 10
Time: 30.2020001411438
Objectives: [783.0 1.262015e6; 777.0 1.269767e6; 788.0 1.254188e6; 785.0 1.259685e6; 781.0 1.264944e6; 780.0 1.267422e6; 782.0 1.262878e6; 779.0 1.268354e6; 784.0 1.261083e6; 786.0 1.258753e6; 778.0 1.269217e6; 787.0 1.25512e6]
Centers: [149, 487, 730, 994, 1010, 1059, 1190, 1250, 1507, 1526]
Points: [4, 6, 8, 9, 10, 12, 13, 14, 15, 16, 18, 19, 20, 21, 22, 23, 25, 26, 27, 36, 38, 41, 43, 44, 45, 46, 47, 55, 56, 57, 58, 59, 60, 61, 62, 65, 66, 67, 69, 70, 71, 75, 76, 77, 80, 83, 84, 85, 88, 89, 90, 93, 96, 97, 98, 99, 100, 101, 106, 107, 108, 109, 110, 111, 112, 113, 114, 120, 121, 123, 125, 126, 127, 137, 139, 141, 144, 146, 147, 149, 151, 152, 153, 154, 156, 157, 158, 159, 160, 161, 162, 163, 164, 165, 166, 167, 168, 169, 170, 172, 173, 174, 176, 179, 180, 193, 204, 205, 206, 207, 208, 209, 210, 211, 214, 215, 216, 217, 218, 219, 221, 222, 227, 228, 231, 242, 255, 256, 257, 259, 260, 262, 263, 264, 265, 266, 267, 268, 270, 271, 273, 274, 275, 276, 277, 279, 280, 287, 288, 289, 292, 293, 294, 298, 304, 305, 321, 323, 324, 325, 326, 327, 328, 332, 333, 334, 335, 348, 349, 350, 351, 356, 359, 360, 361, 362, 364, 365, 368, 369, 370, 373, 374, 376, 387, 402, 403, 404, 405, 406, 407, 408, 409, 410, 413, 414, 416, 420, 421, 433, 439, 442, 451, 452, 453, 454, 459, 460, 461, 462, 463, 464, 467, 468, 472, 473, 475, 476, 477, 482, 483, 484, 485, 486, 487, 489, 491, 492, 493, 494, 495, 496, 500, 502, 503, 521, 532, 538, 540, 541, 543, 549, 570, 571, 572, 577, 578, 579, 580, 581, 589, 590, 591, 592, 595, 598, 600, 601, 603, 604, 606, 607, 608, 610, 611, 614, 615, 616, 617, 622, 624, 626, 627, 632, 638, 639, 640, 645, 646, 649, 650, 652, 653, 655, 663, 664, 665, 669, 671, 680, 682, 683, 684, 685, 686, 688, 689, 694, 696, 698, 699, 700, 704, 707, 708, 710, 711, 713, 714, 716, 721, 723, 725, 726, 727, 728, 730, 731, 732, 733, 734, 738, 741, 744, 745, 747, 749, 753, 754, 757, 758, 759, 760, 761, 763, 764, 768, 770, 772, 787, 791, 792, 793, 801, 803, 804, 805, 806, 807, 808, 809, 810, 811, 812, 813, 814, 816, 817, 819, 821, 825, 826, 827, 832, 833, 834, 835, 836, 838, 839, 840, 842, 843, 844, 845, 846, 847, 848, 857, 861, 863, 867, 869, 871, 872, 873, 874, 875, 876, 893, 894, 898, 899, 900, 903, 904, 905, 907, 908, 910, 912, 913, 914, 915, 916, 917, 918, 919, 920, 923, 930, 931, 933, 934, 938, 939, 940, 941, 942, 943, 944, 945, 946, 947, 948, 951, 952, 953, 954, 955, 956, 957, 958, 959, 960, 961, 965, 966, 968, 969, 975, 976, 977, 978, 980, 981, 982, 983, 984, 985, 989, 990, 991, 992, 993, 994, 996, 997, 999, 1000, 1001, 1002, 1003, 1004, 1005, 1010, 1011, 1012, 1013, 1014, 1015, 1016, 1017, 1018, 1019, 1020, 1021, 1022, 1023, 1024, 1025, 1026, 1027, 1028, 1030, 1031, 1032, 1033, 1034, 1035, 1036, 1037, 1038, 1039, 1040, 1043, 1044, 1045, 1046, 1055, 1056, 1057, 1058, 1059, 1060, 1061, 1062, 1063, 1064, 1065, 1067, 1068, 1069, 1074, 1075, 1076, 1077, 1078, 1079, 1081, 1082, 1083, 1084, 1085, 1086, 1087, 1088, 1089, 1090, 1091, 1093, 1094, 1097, 1098, 1101, 1107, 1110, 1111, 1112, 1115, 1116, 1117, 1118, 1119, 1120, 1121, 1123, 1124, 1125, 1126, 1127, 1129, 1132, 1133, 1134, 1135, 1136, 1139, 1140, 1141, 1142, 1143, 1146, 1147, 1148, 1149, 1150, 1151, 1152, 1153, 1154, 1157, 1158, 1159, 1163, 1166, 1173, 1174, 1175, 1177, 1178, 1182, 1183, 1184, 1185, 1186, 1187, 1188, 1189, 1190, 1191, 1198, 1199, 1200, 1205, 1209, 1210, 1211, 1213, 1214, 1215, 1216, 1217, 1218, 1219, 1220, 1221, 1228, 1235, 1236, 1237, 1239, 1240, 1241, 1242, 1243, 1244, 1245, 1246, 1247, 1248, 1249, 1250, 1254, 1255, 1256, 1257, 1258, 1260, 1262, 1263, 1264, 1265, 1266, 1268, 1269, 1270, 1271, 1281, 1282, 1283, 1284, 1285, 1291, 1292, 1299, 1300, 1301, 1302, 1303, 1304, 1305, 1306, 1307, 1308, 1309, 1310, 1311, 1312, 1313, 1314, 1315, 1316, 1318, 1319, 1321, 1322, 1323, 1325, 1326, 1329, 1330, 1333, 1334, 1336, 1340, 1341, 1344, 1345, 1346, 1347, 1348, 1349, 1350, 1351, 1355, 1356, 1357, 1358, 1364, 1367, 1370, 1371, 1373, 1385, 1386, 1387, 1388, 1389, 1392, 1394, 1398, 1402, 1406, 1411, 1412, 1413, 1416, 1418, 1419, 1421, 1422, 1425, 1426, 1427, 1442, 1444, 1445, 1446, 1452, 1453, 1454, 1455, 1456, 1457, 1462, 1464, 1467, 1468, 1472, 1473, 1475, 1480, 1482, 1483, 1485, 1486, 1488, 1489, 1491, 1492, 1493, 1497, 1499, 1501, 1505, 1506, 1507, 1509, 1511, 1512, 1514, 1515, 1517, 1518, 1519, 1520, 1521, 1522, 1525, 1526, 1529, 1530, 1538, 1539, 1540, 1541, 1542, 1544, 1545, 1547, 1548, 1549, 1550, 1551, 1555, 1557, 1558, 1559, 1560, 1563, 1564, 1565, 1567, 1568, 1569]
###########
Solution: 11
Time: 30.2020001411438
Objectives: [783.0 1.262015e6; 777.0 1.269767e6; 788.0 1.254188e6; 785.0 1.259685e6; 781.0 1.264944e6; 780.0 1.267422e6; 782.0 1.262878e6; 779.0 1.268354e6; 784.0 1.261083e6; 786.0 1.258753e6; 778.0 1.269217e6; 787.0 1.25512e6]
Centers: [149, 487, 730, 994, 1010, 1140, 1190, 1222, 1250, 1526]
Points: [4, 6, 8, 9, 10, 12, 13, 14, 15, 16, 18, 19, 20, 21, 22, 23, 25, 26, 27, 36, 38, 41, 43, 44, 45, 46, 47, 55, 56, 57, 58, 59, 60, 61, 62, 65, 66, 67, 69, 70, 71, 75, 76, 77, 83, 84, 85, 88, 89, 90, 93, 96, 97, 98, 99, 100, 101, 106, 107, 108, 109, 110, 111, 112, 113, 114, 120, 121, 123, 125, 126, 127, 137, 139, 141, 144, 146, 147, 149, 151, 152, 153, 154, 156, 157, 158, 159, 160, 161, 162, 163, 164, 165, 166, 167, 168, 169, 170, 172, 173, 174, 176, 179, 180, 184, 185, 186, 187, 189, 190, 191, 192, 193, 194, 204, 205, 206, 207, 208, 209, 210, 211, 214, 215, 216, 217, 218, 221, 222, 227, 228, 231, 242, 255, 256, 257, 259, 260, 262, 263, 264, 265, 266, 267, 268, 270, 271, 273, 274, 275, 276, 277, 279, 280, 286, 287, 288, 289, 291, 292, 293, 294, 298, 304, 305, 321, 323, 324, 325, 326, 327, 328, 329, 332, 333, 342, 349, 350, 351, 356, 359, 360, 361, 362, 365, 366, 368, 369, 370, 376, 387, 402, 403, 404, 405, 406, 407, 408, 409, 410, 413, 414, 415, 416, 420, 421, 422, 433, 439, 440, 442, 451, 452, 453, 454, 459, 460, 461, 462, 463, 464, 467, 468, 472, 473, 476, 477, 482, 483, 484, 485, 486, 487, 489, 491, 492, 493, 494, 495, 496, 500, 502, 503, 521, 532, 538, 540, 541, 543, 549, 570, 571, 572, 577, 578, 579, 580, 581, 589, 590, 591, 592, 595, 598, 600, 601, 603, 604, 606, 607, 608, 610, 611, 614, 615, 616, 617, 622, 623, 624, 629, 632, 634, 638, 639, 640, 645, 646, 649, 650, 652, 653, 655, 663, 664, 665, 667, 671, 680, 682, 683, 684, 685, 686, 688, 689, 694, 696, 699, 700, 704, 707, 708, 710, 711, 713, 714, 716, 721, 723, 725, 726, 727, 728, 730, 731, 732, 733, 734, 736, 738, 747, 749, 753, 754, 757, 758, 759, 760, 761, 763, 764, 768, 770, 772, 787, 791, 792, 793, 801, 803, 804, 805, 806, 807, 808, 809, 810, 811, 812, 813, 814, 816, 819, 821, 827, 829, 832, 833, 834, 835, 836, 838, 839, 840, 842, 843, 844, 845, 846, 847, 848, 857, 861, 862, 863, 867, 869, 871, 872, 873, 874, 876, 893, 894, 898, 899, 900, 904, 905, 910, 912, 913, 914, 915, 916, 917, 918, 930, 931, 933, 934, 938, 939, 940, 941, 942, 943, 944, 945, 946, 947, 948, 951, 952, 953, 954, 955, 956, 957, 958, 959, 960, 961, 965, 966, 968, 969, 975, 976, 977, 978, 980, 981, 982, 983, 984, 985, 989, 990, 991, 992, 993, 994, 996, 997, 999, 1000, 1001, 1002, 1003, 1004, 1005, 1010, 1011, 1012, 1013, 1015, 1016, 1017, 1018, 1019, 1020, 1021, 1022, 1023, 1024, 1025, 1026, 1027, 1028, 1029, 1030, 1031, 1032, 1033, 1034, 1035, 1036, 1037, 1038, 1039, 1040, 1046, 1047, 1048, 1055, 1056, 1057, 1058, 1059, 1060, 1061, 1062, 1063, 1064, 1069, 1070, 1071, 1074, 1075, 1076, 1077, 1079, 1090, 1091, 1093, 1094, 1097, 1098, 1101, 1106, 1107, 1108, 1110, 1111, 1112, 1113, 1115, 1116, 1117, 1118, 1119, 1120, 1121, 1129, 1132, 1133, 1134, 1135, 1136, 1139, 1140, 1141, 1142, 1143, 1146, 1148, 1149, 1150, 1151, 1152, 1153, 1154, 1157, 1158, 1159, 1163, 1166, 1173, 1174, 1175, 1176, 1177, 1178, 1183, 1184, 1185, 1186, 1187, 1188, 1189, 1190, 1191, 1198, 1199, 1200, 1201, 1205, 1209, 1210, 1211, 1213, 1214, 1215, 1216, 1217, 1218, 1219, 1220, 1221, 1222, 1223, 1224, 1225, 1226, 1228, 1229, 1230, 1231, 1232, 1233, 1234, 1235, 1236, 1239, 1240, 1241, 1242, 1243, 1244, 1245, 1246, 1247, 1248, 1249, 1250, 1254, 1255, 1256, 1257, 1260, 1262, 1263, 1264, 1265, 1266, 1268, 1269, 1270, 1271, 1281, 1282, 1283, 1284, 1285, 1291, 1292, 1299, 1300, 1301, 1302, 1303, 1304, 1305, 1306, 1307, 1308, 1309, 1310, 1311, 1312, 1313, 1314, 1315, 1316, 1317, 1318, 1319, 1321, 1322, 1323, 1325, 1326, 1329, 1330, 1333, 1334, 1336, 1340, 1341, 1344, 1345, 1346, 1347, 1348, 1349, 1350, 1351, 1352, 1355, 1356, 1357, 1358, 1364, 1367, 1370, 1371, 1373, 1374, 1376, 1377, 1382, 1385, 1386, 1387, 1388, 1389, 1390, 1392, 1394, 1398, 1402, 1406, 1411, 1412, 1413, 1419, 1421, 1422, 1423, 1424, 1425, 1426, 1427, 1430, 1442, 1443, 1444, 1445, 1446, 1452, 1453, 1454, 1455, 1456, 1457, 1462, 1464, 1467, 1468, 1472, 1473, 1475, 1480, 1482, 1483, 1485, 1486, 1488, 1489, 1491, 1492, 1493, 1497, 1501, 1505, 1509, 1511, 1512, 1515, 1516, 1517, 1518, 1521, 1522, 1525, 1526, 1527, 1529, 1538, 1539, 1540, 1541, 1542, 1544, 1545, 1555, 1557, 1558, 1559, 1560, 1563, 1564, 1565, 1567, 1568, 1569]
###########
Solution: 12
Time: 30.2020001411438
Objectives: [783.0 1.262015e6; 777.0 1.269767e6; 788.0 1.254188e6; 785.0 1.259685e6; 781.0 1.264944e6; 780.0 1.267422e6; 782.0 1.262878e6; 779.0 1.268354e6; 784.0 1.261083e6; 786.0 1.258753e6; 778.0 1.269217e6; 787.0 1.25512e6]
Centers: [43, 279, 487, 616, 808, 907, 994, 1029, 1331, 1453]
Points: [4, 6, 7, 9, 10, 12, 13, 14, 15, 16, 18, 19, 20, 21, 22, 23, 27, 36, 38, 41, 43, 44, 45, 46, 47, 55, 56, 57, 58, 59, 60, 61, 65, 66, 69, 70, 71, 73, 75, 76, 77, 83, 84, 86, 87, 88, 90, 94, 97, 100, 101, 106, 107, 108, 109, 110, 111, 112, 113, 114, 116, 117, 118, 119, 120, 121, 122, 123, 124, 126, 144, 146, 147, 149, 150, 151, 152, 153, 154, 156, 158, 159, 160, 161, 162, 163, 164, 165, 166, 167, 168, 169, 172, 175, 176, 179, 180, 183, 184, 185, 187, 190, 191, 192, 193, 194, 204, 205, 206, 207, 208, 209, 210, 211, 214, 215, 216, 217, 218, 219, 221, 222, 227, 228, 231, 242, 251, 253, 255, 256, 257, 259, 260, 262, 263, 264, 265, 266, 267, 268, 270, 271, 274, 275, 276, 277, 279, 280, 281, 283, 286, 287, 288, 289, 291, 292, 293, 294, 295, 298, 304, 305, 325, 326, 327, 328, 329, 332, 333, 334, 335, 336, 337, 339, 342, 348, 349, 350, 351, 356, 359, 360, 361, 362, 364, 365, 369, 370, 373, 376, 377, 384, 387, 402, 403, 404, 405, 406, 407, 408, 409, 410, 413, 414, 416, 420, 421, 423, 424, 433, 439, 440, 442, 445, 451, 452, 453, 454, 459, 460, 461, 462, 463, 464, 466, 467, 468, 470, 472, 473, 476, 477, 482, 483, 484, 485, 486, 487, 489, 491, 492, 493, 494, 495, 496, 532, 538, 540, 541, 542, 549, 572, 577, 578, 579, 580, 581, 582, 589, 590, 591, 592, 593, 594, 598, 601, 604, 606, 607, 608, 610, 611, 612, 614, 615, 616, 617, 621, 622, 623, 624, 625, 626, 627, 629, 632, 634, 638, 639, 640, 645, 646, 647, 649, 650, 652, 653, 655, 662, 663, 664, 665, 667, 671, 680, 682, 683, 684, 685, 686, 687, 688, 689, 694, 696, 699, 700, 704, 707, 708, 710, 711, 713, 714, 716, 721, 723, 725, 727, 728, 729, 730, 731, 733, 734, 738, 741, 745, 746, 747, 748, 749, 750, 753, 757, 758, 759, 760, 761, 763, 764, 768, 770, 771, 772, 787, 791, 792, 793, 799, 801, 802, 803, 804, 805, 806, 807, 808, 809, 810, 811, 812, 813, 814, 816, 817, 819, 821, 823, 824, 825, 826, 827, 829, 831, 832, 833, 834, 835, 836, 838, 839, 840, 842, 847, 848, 857, 860, 861, 862, 863, 867, 869, 870, 871, 872, 873, 874, 875, 876, 882, 887, 888, 889, 890, 891, 893, 894, 898, 899, 900, 903, 904, 905, 907, 908, 909, 910, 912, 913, 914, 915, 916, 917, 918, 919, 920, 923, 933, 934, 935, 938, 939, 940, 941, 942, 943, 945, 946, 947, 948, 951, 952, 953, 954, 955, 956, 957, 958, 959, 960, 961, 964, 965, 966, 968, 969, 977, 978, 980, 981, 982, 983, 984, 985, 989, 990, 992, 993, 994, 996, 997, 999, 1000, 1001, 1002, 1003, 1004, 1005, 1010, 1011, 1012, 1013, 1019, 1020, 1021, 1022, 1023, 1024, 1025, 1026, 1027, 1028, 1029, 1030, 1031, 1032, 1033, 1034, 1035, 1036, 1037, 1038, 1039, 1040, 1043, 1044, 1045, 1046, 1056, 1057, 1058, 1059, 1060, 1061, 1062, 1063, 1064, 1065, 1069, 1071, 1074, 1075, 1076, 1079, 1081, 1083, 1090, 1091, 1092, 1093, 1094, 1097, 1098, 1100, 1101, 1107, 1109, 1111, 1112, 1115, 1116, 1117, 1118, 1119, 1120, 1121, 1123, 1124, 1125, 1127, 1129, 1132, 1133, 1134, 1135, 1136, 1139, 1140, 1141, 1142, 1143, 1146, 1157, 1158, 1159, 1163, 1173, 1174, 1175, 1177, 1178, 1182, 1183, 1184, 1185, 1186, 1187, 1188, 1191, 1197, 1198, 1199, 1200, 1201, 1205, 1209, 1210, 1212, 1213, 1214, 1215, 1222, 1228, 1231, 1233, 1235, 1236, 1237, 1239, 1240, 1241, 1242, 1243, 1244, 1246, 1247, 1248, 1249, 1250, 1251, 1252, 1253, 1256, 1257, 1258, 1263, 1264, 1265, 1266, 1270, 1291, 1292, 1298, 1299, 1300, 1301, 1302, 1303, 1304, 1305, 1307, 1308, 1309, 1311, 1313, 1314, 1315, 1316, 1317, 1318, 1319, 1320, 1324, 1325, 1326, 1327, 1329, 1330, 1331, 1332, 1333, 1334, 1335, 1336, 1339, 1340, 1341, 1342, 1343, 1344, 1345, 1346, 1347, 1348, 1349, 1350, 1351, 1352, 1355, 1356, 1357, 1358, 1363, 1364, 1367, 1370, 1371, 1373, 1374, 1376, 1377, 1379, 1382, 1385, 1386, 1387, 1388, 1389, 1390, 1392, 1394, 1398, 1402, 1406, 1411, 1412, 1413, 1415, 1416, 1418, 1419, 1421, 1422, 1423, 1424, 1425, 1426, 1427, 1430, 1433, 1442, 1444, 1445, 1446, 1448, 1452, 1453, 1454, 1455, 1456, 1457, 1458, 1462, 1464, 1467, 1468, 1471, 1472, 1474, 1482, 1485, 1486, 1487, 1488, 1489, 1492, 1493, 1496, 1497, 1501, 1505, 1506, 1507, 1509, 1511, 1512, 1513, 1514, 1515, 1517, 1521, 1522, 1523, 1529, 1538, 1539, 1540, 1541, 1542, 1543, 1544, 1545, 1548, 1549, 1550, 1551, 1555, 1558, 1560, 1561, 1562, 1563, 1564, 1565, 1568, 1569]
