###########
Solution: 1
Time: 20.532000064849854
Objectives: [1023.0 1.662104e6; 1018.0 1.665907e6; 1026.0 1.650903e6; 1024.0 1.657756e6; 1022.0 1.66369e6; 1021.0 1.664423e6; 1025.0 1.653871e6; 1019.0 1.665174e6]
Centers: [124, 271, 487, 576, 671, 672, 730, 855, 994, 1045, 1166, 1222, 1239, 1247, 1526]
Points: [3, 4, 6, 7, 9, 10, 12, 13, 14, 15, 16, 17, 18, 19, 20, 21, 22, 23, 25, 26, 27, 29, 36, 41, 43, 44, 45, 46, 50, 51, 52, 55, 56, 57, 58, 59, 60, 61, 62, 66, 67, 68, 69, 70, 71, 75, 76, 77, 83, 84, 85, 87, 88, 89, 90, 96, 97, 100, 101, 102, 104, 106, 107, 108, 109, 110, 111, 112, 113, 114, 115, 116, 117, 118, 119, 120, 121, 123, 124, 125, 126, 127, 139, 140, 143, 144, 145, 146, 147, 149, 151, 152, 153, 154, 157, 158, 159, 160, 161, 162, 163, 165, 166, 167, 168, 169, 172, 173, 174, 176, 179, 180, 184, 185, 186, 187, 189, 190, 191, 192, 193, 194, 197, 204, 205, 206, 207, 208, 209, 210, 211, 213, 214, 215, 216, 217, 218, 219, 221, 222, 227, 228, 231, 242, 245, 247, 250, 255, 256, 257, 259, 260, 262, 263, 264, 265, 266, 267, 268, 270, 271, 272, 273, 274, 275, 276, 277, 279, 280, 283, 285, 286, 287, 288, 289, 291, 292, 293, 294, 298, 304, 305, 321, 323, 324, 325, 326, 327, 328, 329, 330, 332, 333, 334, 335, 336, 342, 343, 348, 349, 350, 351, 356, 359, 360, 361, 362, 365, 366, 367, 368, 369, 370, 371, 373, 376, 378, 379, 380, 382, 383, 384, 386, 387, 388, 389, 391, 392, 393, 395, 396, 400, 402, 403, 404, 405, 406, 407, 408, 409, 410, 411, 412, 413, 414, 416, 418, 420, 421, 422, 426, 427, 428, 429, 430, 431, 432, 433, 434, 439, 440, 442, 445, 447, 451, 452, 453, 454, 459, 460, 461, 462, 463, 464, 467, 468, 470, 472, 473, 476, 477, 482, 483, 484, 485, 486, 487, 489, 491, 492, 493, 494, 495, 496, 502, 507, 521, 522, 532, 537, 538, 540, 541, 542, 543, 549, 563, 565, 570, 571, 572, 576, 577, 578, 579, 580, 581, 583, 584, 586, 587, 589, 590, 591, 592, 593, 594, 595, 598, 600, 601, 603, 604, 606, 607, 608, 610, 611, 614, 615, 616, 617, 619, 622, 623, 624, 626, 627, 628, 629, 632, 633, 634, 638, 639, 640, 645, 646, 647, 649, 650, 652, 653, 655, 662, 663, 664, 665, 667, 668, 671, 672, 673, 674, 675, 676, 677, 678, 679, 680, 682, 683, 684, 685, 686, 687, 688, 689, 691, 696, 697, 699, 700, 702, 703, 704, 706, 707, 708, 710, 711, 713, 714, 716, 719, 721, 723, 724, 725, 726, 728, 730, 731, 732, 733, 734, 735, 736, 737, 738, 740, 741, 744, 745, 746, 747, 748, 749, 750, 751, 753, 754, 757, 758, 759, 760, 761, 763, 764, 768, 770, 772, 782, 783, 784, 787, 791, 792, 793, 794, 795, 798, 799, 801, 803, 804, 805, 806, 807, 808, 809, 810, 811, 812, 813, 814, 816, 817, 819, 820, 821, 825, 826, 827, 829, 830, 831, 832, 833, 834, 835, 836, 837, 838, 839, 840, 842, 843, 844, 845, 846, 847, 848, 849, 850, 851, 852, 854, 855, 856, 857, 861, 862, 863, 867, 869, 870, 871, 872, 873, 874, 875, 876, 881, 887, 888, 889, 890, 891, 893, 894, 898, 899, 900, 903, 904, 905, 907, 908, 909, 910, 912, 913, 914, 915, 916, 917, 918, 919, 920, 923, 924, 928, 929, 930, 931, 932, 933, 934, 938, 939, 940, 941, 942, 943, 944, 945, 946, 947, 948, 951, 952, 953, 954, 955, 956, 957, 958, 959, 960, 961, 962, 963, 965, 966, 968, 969, 972, 973, 974, 975, 976, 977, 978, 979, 980, 981, 982, 983, 984, 985, 986, 987, 988, 989, 990, 991, 992, 993, 994, 996, 997, 998, 999, 1000, 1001, 1002, 1003, 1004, 1005, 1006, 1010, 1011, 1012, 1013, 1014, 1015, 1016, 1017, 1018, 1019, 1020, 1021, 1022, 1023, 1024, 1025, 1026, 1027, 1028, 1029, 1030, 1031, 1032, 1033, 1034, 1035, 1036, 1037, 1038, 1039, 1040, 1043, 1044, 1045, 1046, 1047, 1048, 1049, 1050, 1051, 1053, 1054, 1055, 1056, 1057, 1058, 1059, 1060, 1061, 1062, 1063, 1064, 1065, 1067, 1068, 1069, 1070, 1071, 1072, 1073, 1074, 1075, 1076, 1079, 1080, 1081, 1082, 1083, 1084, 1085, 1086, 1087, 1088, 1089, 1090, 1091, 1092, 1093, 1094, 1095, 1097, 1099, 1100, 1102, 1103, 1104, 1105, 1106, 1107, 1108, 1109, 1111, 1112, 1113, 1115, 1116, 1117, 1118, 1119, 1121, 1123, 1124, 1125, 1126, 1127, 1128, 1129, 1132, 1133, 1134, 1135, 1136, 1139, 1140, 1141, 1142, 1143, 1146, 1147, 1148, 1149, 1150, 1151, 1152, 1153, 1154, 1157, 1158, 1159, 1163, 1166, 1167, 1168, 1169, 1170, 1173, 1174, 1175, 1176, 1177, 1178, 1181, 1182, 1183, 1184, 1185, 1186, 1188, 1190, 1191, 1192, 1196, 1197, 1198, 1199, 1200, 1201, 1205, 1209, 1210, 1211, 1212, 1213, 1214, 1215, 1216, 1217, 1218, 1219, 1220, 1221, 1222, 1223, 1224, 1225, 1226, 1229, 1230, 1231, 1232, 1233, 1234, 1235, 1236, 1237, 1239, 1240, 1242, 1243, 1244, 1245, 1246, 1247, 1248, 1249, 1250, 1251, 1252, 1253, 1254, 1255, 1256, 1257, 1258, 1260, 1261, 1262, 1263, 1264, 1265, 1267, 1268, 1269, 1270, 1271, 1273, 1274, 1275, 1276, 1277, 1278, 1279, 1281, 1282, 1283, 1284, 1285, 1287, 1291, 1292, 1293, 1294, 1295, 1298, 1299, 1300, 1301, 1302, 1303, 1304, 1305, 1306, 1307, 1308, 1311, 1312, 1313, 1314, 1316, 1317, 1318, 1319, 1321, 1322, 1323, 1324, 1325, 1326, 1327, 1329, 1330, 1331, 1332, 1333, 1334, 1335, 1336, 1340, 1341, 1344, 1345, 1346, 1348, 1349, 1350, 1351, 1352, 1355, 1356, 1357, 1358, 1359, 1362, 1364, 1367, 1368, 1369, 1370, 1371, 1373, 1374, 1376, 1377, 1379, 1382, 1385, 1386, 1387, 1388, 1389, 1390, 1392, 1393, 1394, 1398, 1402, 1406, 1407, 1411, 1412, 1413, 1415, 1416, 1418, 1419, 1421, 1422, 1423, 1425, 1426, 1427, 1428, 1429, 1430, 1442, 1443, 1444, 1445, 1446, 1452, 1453, 1454, 1455, 1456, 1457, 1458, 1461, 1462, 1464, 1465, 1467, 1468, 1471, 1472, 1473, 1474, 1475, 1480, 1482, 1483, 1485, 1486, 1487, 1489, 1490, 1491, 1492, 1493, 1497, 1498, 1499, 1503, 1504, 1505, 1506, 1507, 1508, 1509, 1511, 1512, 1515, 1516, 1517, 1518, 1519, 1520, 1521, 1522, 1524, 1525, 1526, 1527, 1529, 1531, 1532, 1533, 1538, 1539, 1540, 1541, 1542, 1544, 1545, 1547, 1548, 1549, 1550, 1551, 1555, 1556, 1557, 1558, 1559, 1560, 1561, 1562, 1563, 1564, 1565, 1567, 1568, 1569]
###########
Solution: 2
Time: 20.532000064849854
Objectives: [1023.0 1.662104e6; 1018.0 1.665907e6; 1026.0 1.650903e6; 1024.0 1.657756e6; 1022.0 1.66369e6; 1021.0 1.664423e6; 1025.0 1.653871e6; 1019.0 1.665174e6]
Centers: [124, 487, 576, 671, 672, 677, 730, 994, 1045, 1166, 1178, 1222, 1239, 1247, 1526]
Points: [3, 4, 6, 7, 9, 10, 12, 13, 14, 15, 16, 17, 18, 19, 20, 21, 22, 23, 25, 26, 27, 29, 36, 41, 43, 44, 45, 46, 50, 51, 52, 55, 56, 57, 58, 59, 60, 61, 62, 66, 67, 68, 69, 70, 71, 75, 76, 77, 83, 84, 85, 87, 88, 89, 90, 96, 97, 100, 101, 102, 104, 106, 107, 108, 109, 110, 111, 112, 113, 114, 115, 116, 117, 118, 119, 120, 121, 123, 124, 125, 126, 127, 139, 140, 143, 144, 145, 146, 147, 149, 151, 152, 153, 154, 157, 158, 159, 160, 161, 162, 163, 165, 166, 167, 168, 169, 172, 173, 174, 176, 178, 179, 180, 184, 185, 186, 187, 189, 190, 191, 192, 193, 194, 197, 204, 205, 206, 207, 208, 209, 210, 211, 213, 214, 215, 216, 217, 218, 219, 221, 222, 227, 228, 231, 242, 245, 247, 250, 255, 256, 257, 259, 260, 262, 263, 264, 265, 266, 267, 268, 270, 271, 272, 273, 274, 275, 276, 277, 279, 280, 282, 283, 284, 285, 286, 287, 288, 289, 291, 292, 293, 294, 298, 304, 305, 321, 323, 324, 325, 326, 327, 328, 329, 330, 332, 333, 334, 335, 336, 342, 343, 348, 349, 350, 351, 356, 359, 360, 361, 362, 365, 366, 367, 368, 369, 370, 371, 376, 378, 382, 383, 384, 386, 387, 388, 389, 390, 391, 392, 393, 395, 396, 397, 400, 402, 403, 404, 405, 406, 407, 408, 409, 410, 411, 412, 413, 415, 416, 418, 419, 420, 421, 422, 425, 426, 427, 428, 429, 430, 431, 432, 433, 434, 439, 440, 442, 445, 447, 451, 452, 453, 454, 459, 460, 461, 462, 463, 464, 467, 468, 470, 472, 473, 476, 477, 482, 483, 484, 485, 486, 487, 489, 491, 492, 493, 494, 495, 496, 502, 507, 521, 522, 532, 537, 538, 540, 541, 542, 543, 549, 563, 565, 570, 571, 572, 576, 577, 578, 579, 580, 581, 583, 584, 586, 587, 589, 590, 591, 592, 593, 594, 595, 598, 600, 601, 603, 604, 606, 607, 608, 610, 611, 614, 615, 616, 617, 619, 622, 623, 624, 626, 627, 628, 629, 632, 633, 634, 638, 639, 640, 645, 646, 647, 649, 650, 652, 653, 655, 662, 663, 664, 665, 667, 671, 672, 673, 674, 675, 676, 677, 678, 679, 680, 682, 683, 684, 685, 686, 687, 688, 689, 691, 692, 695, 696, 697, 699, 700, 702, 703, 704, 706, 707, 708, 710, 711, 713, 714, 719, 721, 723, 724, 725, 726, 728, 730, 731, 732, 733, 734, 735, 736, 737, 738, 740, 741, 744, 745, 746, 747, 748, 749, 750, 751, 752, 753, 754, 757, 758, 759, 760, 761, 763, 764, 768, 769, 770, 772, 782, 783, 784, 787, 791, 792, 793, 794, 795, 798, 799, 801, 803, 804, 805, 806, 807, 808, 809, 810, 811, 812, 813, 814, 816, 819, 820, 821, 825, 826, 827, 829, 830, 831, 832, 833, 834, 835, 836, 837, 838, 839, 840, 842, 843, 844, 845, 846, 847, 848, 849, 850, 851, 852, 854, 855, 856, 857, 861, 862, 863, 867, 869, 870, 871, 872, 873, 874, 875, 876, 881, 887, 888, 889, 890, 891, 893, 894, 898, 899, 900, 905, 907, 908, 909, 910, 912, 913, 915, 916, 917, 919, 920, 923, 924, 928, 929, 930, 931, 932, 933, 934, 938, 939, 941, 942, 943, 944, 945, 946, 947, 948, 951, 952, 953, 954, 955, 956, 957, 958, 959, 960, 961, 962, 966, 968, 969, 972, 973, 974, 975, 976, 977, 978, 979, 980, 981, 982, 983, 984, 985, 986, 987, 988, 989, 990, 991, 992, 993, 994, 996, 997, 998, 999, 1000, 1001, 1002, 1003, 1004, 1005, 1006, 1010, 1011, 1012, 1013, 1014, 1015, 1016, 1017, 1018, 1019, 1020, 1021, 1022, 1023, 1024, 1025, 1026, 1027, 1028, 1029, 1030, 1031, 1032, 1033, 1034, 1035, 1036, 1037, 1038, 1039, 1040, 1043, 1044, 1045, 1046, 1047, 1048, 1049, 1053, 1054, 1055, 1056, 1057, 1058, 1059, 1060, 1061, 1062, 1063, 1064, 1065, 1067, 1068, 1069, 1070, 1071, 1072, 1073, 1074, 1075, 1076, 1079, 1080, 1081, 1082, 1083, 1084, 1085, 1086, 1087, 1088, 1089, 1090, 1091, 1092, 1093, 1094, 1095, 1097, 1099, 1100, 1102, 1103, 1104, 1105, 1106, 1107, 1108, 1109, 1111, 1112, 1113, 1115, 1116, 1117, 1118, 1119, 1121, 1123, 1124, 1125, 1126, 1127, 1128, 1129, 1132, 1133, 1134, 1135, 1136, 1139, 1140, 1141, 1142, 1143, 1146, 1147, 1148, 1149, 1150, 1151, 1152, 1153, 1154, 1157, 1158, 1159, 1163, 1166, 1167, 1169, 1170, 1173, 1174, 1175, 1176, 1177, 1178, 1181, 1182, 1183, 1184, 1185, 1186, 1188, 1190, 1191, 1192, 1196, 1197, 1198, 1199, 1200, 1201, 1205, 1209, 1210, 1211, 1212, 1213, 1214, 1215, 1216, 1217, 1218, 1219, 1220, 1221, 1222, 1223, 1224, 1225, 1226, 1229, 1230, 1231, 1232, 1233, 1234, 1235, 1236, 1237, 1239, 1240, 1242, 1243, 1244, 1245, 1246, 1247, 1248, 1249, 1250, 1251, 1252, 1253, 1254, 1255, 1256, 1257, 1258, 1260, 1261, 1262, 1263, 1264, 1265, 1267, 1268, 1269, 1270, 1271, 1273, 1274, 1275, 1276, 1277, 1278, 1279, 1281, 1282, 1283, 1284, 1285, 1287, 1291, 1292, 1293, 1294, 1295, 1298, 1299, 1300, 1301, 1302, 1303, 1304, 1305, 1306, 1307, 1308, 1311, 1312, 1313, 1314, 1316, 1317, 1318, 1319, 1321, 1322, 1323, 1324, 1325, 1326, 1327, 1329, 1330, 1331, 1332, 1333, 1334, 1335, 1336, 1340, 1341, 1344, 1345, 1346, 1348, 1349, 1350, 1351, 1352, 1355, 1356, 1357, 1358, 1362, 1364, 1367, 1368, 1369, 1370, 1371, 1373, 1374, 1376, 1377, 1379, 1382, 1385, 1386, 1387, 1388, 1389, 1390, 1392, 1393, 1394, 1398, 1402, 1406, 1407, 1411, 1412, 1413, 1415, 1416, 1418, 1419, 1421, 1422, 1423, 1424, 1425, 1426, 1427, 1428, 1429, 1430, 1442, 1443, 1444, 1445, 1446, 1452, 1453, 1454, 1455, 1456, 1457, 1458, 1461, 1462, 1464, 1465, 1467, 1468, 1471, 1472, 1473, 1474, 1475, 1480, 1482, 1483, 1485, 1486, 1487, 1489, 1490, 1491, 1492, 1493, 1497, 1498, 1499, 1503, 1504, 1505, 1506, 1507, 1508, 1509, 1511, 1512, 1515, 1516, 1517, 1518, 1519, 1520, 1521, 1522, 1524, 1525, 1526, 1527, 1529, 1531, 1532, 1533, 1538, 1539, 1540, 1541, 1542, 1544, 1545, 1547, 1548, 1549, 1550, 1551, 1555, 1556, 1557, 1558, 1559, 1560, 1561, 1562, 1563, 1564, 1565, 1567, 1568, 1569]
###########
Solution: 3
Time: 20.532000064849854
Objectives: [1023.0 1.662104e6; 1018.0 1.665907e6; 1026.0 1.650903e6; 1024.0 1.657756e6; 1022.0 1.66369e6; 1021.0 1.664423e6; 1025.0 1.653871e6; 1019.0 1.665174e6]
Centers: [124, 487, 636, 671, 672, 730, 855, 994, 1045, 1059, 1166, 1222, 1239, 1247, 1526]
Points: [3, 4, 6, 7, 8, 9, 10, 12, 13, 14, 15, 16, 18, 19, 20, 21, 22, 23, 25, 26, 27, 36, 41, 43, 44, 45, 46, 55, 56, 57, 58, 59, 60, 61, 62, 66, 67, 68, 69, 70, 71, 75, 76, 77, 80, 83, 84, 85, 87, 88, 89, 90, 96, 97, 100, 101, 102, 104, 106, 107, 108, 109, 110, 111, 112, 113, 114, 115, 116, 117, 118, 119, 120, 121, 123, 124, 125, 126, 127, 139, 140, 144, 145, 146, 147, 149, 151, 152, 153, 154, 155, 157, 158, 159, 160, 161, 162, 163, 165, 166, 167, 168, 169, 172, 173, 174, 176, 179, 180, 184, 185, 186, 187, 189, 190, 191, 192, 193, 194, 197, 204, 205, 206, 207, 208, 209, 210, 211, 213, 214, 215, 216, 217, 218, 219, 221, 222, 227, 228, 231, 242, 245, 247, 250, 255, 256, 257, 259, 260, 262, 263, 264, 265, 266, 267, 268, 270, 271, 272, 273, 274, 275, 276, 277, 279, 280, 287, 288, 289, 291, 292, 293, 294, 298, 304, 305, 321, 323, 324, 325, 326, 327, 328, 329, 330, 332, 333, 334, 335, 336, 342, 343, 345, 346, 348, 349, 350, 351, 356, 359, 360, 361, 362, 365, 366, 367, 368, 369, 370, 373, 374, 376, 378, 379, 380, 382, 383, 384, 387, 388, 389, 391, 392, 393, 395, 396, 400, 402, 403, 404, 405, 406, 407, 408, 409, 410, 411, 412, 413, 414, 416, 418, 420, 421, 426, 431, 432, 433, 434, 436, 437, 438, 439, 441, 442, 446, 447, 448, 451, 452, 453, 454, 459, 460, 461, 462, 463, 464, 467, 468, 470, 472, 473, 475, 476, 477, 482, 483, 484, 485, 486, 487, 489, 491, 492, 493, 494, 495, 496, 502, 507, 521, 522, 532, 538, 540, 541, 542, 543, 549, 565, 570, 571, 572, 577, 578, 579, 580, 581, 583, 584, 586, 587, 589, 590, 591, 592, 593, 594, 595, 598, 600, 601, 603, 604, 606, 607, 608, 609, 610, 611, 614, 615, 616, 617, 619, 622, 623, 624, 626, 627, 628, 629, 631, 632, 633, 634, 635, 636, 637, 638, 639, 640, 642, 645, 646, 649, 650, 652, 653, 655, 662, 663, 664, 665, 667, 669, 671, 672, 673, 674, 675, 676, 677, 678, 679, 680, 682, 683, 684, 685, 686, 687, 688, 689, 691, 696, 697, 698, 699, 700, 702, 703, 704, 705, 706, 707, 708, 709, 710, 711, 712, 713, 714, 716, 719, 721, 723, 724, 725, 726, 728, 730, 731, 732, 733, 734, 735, 736, 737, 738, 740, 741, 744, 745, 746, 747, 748, 749, 750, 751, 753, 754, 757, 758, 759, 760, 761, 763, 764, 768, 770, 772, 782, 783, 784, 787, 791, 792, 793, 794, 795, 798, 799, 801, 803, 804, 805, 806, 807, 808, 809, 810, 811, 812, 813, 814, 816, 817, 819, 820, 821, 822, 825, 826, 827, 829, 830, 831, 832, 833, 834, 835, 836, 838, 839, 840, 842, 843, 844, 845, 846, 847, 848, 849, 850, 851, 852, 854, 855, 856, 857, 859, 861, 862, 863, 864, 867, 868, 869, 870, 871, 872, 873, 874, 875, 876, 883, 884, 885, 887, 888, 889, 890, 891, 893, 894, 895, 896, 898, 899, 900, 903, 904, 905, 907, 908, 909, 910, 912, 913, 914, 915, 916, 917, 918, 919, 920, 923, 928, 929, 930, 931, 932, 933, 934, 938, 939, 940, 941, 942, 943, 944, 945, 946, 947, 948, 951, 952, 953, 954, 955, 956, 957, 958, 959, 960, 961, 963, 965, 966, 968, 969, 975, 976, 977, 978, 980, 981, 982, 983, 984, 985, 989, 990, 991, 992, 993, 994, 996, 997, 998, 999, 1000, 1001, 1002, 1003, 1004, 1005, 1010, 1011, 1012, 1013, 1014, 1015, 1016, 1017, 1018, 1019, 1020, 1021, 1022, 1023, 1024, 1025, 1026, 1027, 1028, 1029, 1030, 1031, 1032, 1033, 1034, 1035, 1036, 1037, 1038, 1039, 1040, 1043, 1044, 1045, 1046, 1047, 1048, 1049, 1050, 1051, 1053, 1054, 1055, 1056, 1057, 1058, 1059, 1060, 1061, 1062, 1063, 1064, 1065, 1067, 1068, 1069, 1070, 1071, 1072, 1073, 1074, 1075, 1076, 1077, 1078, 1079, 1081, 1082, 1083, 1084, 1085, 1086, 1087, 1088, 1089, 1090, 1091, 1092, 1093, 1094, 1095, 1097, 1099, 1100, 1107, 1109, 1111, 1112, 1113, 1115, 1116, 1117, 1118, 1119, 1121, 1123, 1124, 1125, 1126, 1127, 1128, 1129, 1132, 1133, 1134, 1135, 1136, 1139, 1140, 1141, 1142, 1143, 1146, 1147, 1148, 1149, 1150, 1151, 1152, 1153, 1154, 1157, 1158, 1159, 1163, 1166, 1167, 1168, 1169, 1170, 1172, 1173, 1174, 1175, 1176, 1177, 1178, 1181, 1182, 1183, 1184, 1185, 1186, 1188, 1190, 1191, 1192, 1196, 1197, 1198, 1199, 1200, 1201, 1202, 1203, 1204, 1205, 1206, 1207, 1208, 1209, 1210, 1211, 1212, 1213, 1214, 1215, 1216, 1217, 1218, 1219, 1220, 1221, 1222, 1223, 1224, 1225, 1226, 1228, 1229, 1230, 1231, 1232, 1233, 1234, 1235, 1236, 1237, 1239, 1240, 1242, 1243, 1244, 1245, 1246, 1247, 1248, 1249, 1250, 1251, 1252, 1253, 1254, 1255, 1256, 1257, 1258, 1260, 1261, 1262, 1263, 1264, 1265, 1267, 1268, 1269, 1270, 1271, 1273, 1274, 1275, 1276, 1277, 1278, 1279, 1281, 1282, 1283, 1284, 1285, 1287, 1291, 1292, 1293, 1294, 1295, 1298, 1299, 1300, 1301, 1302, 1303, 1304, 1305, 1306, 1307, 1308, 1311, 1312, 1313, 1314, 1316, 1317, 1318, 1319, 1321, 1322, 1323, 1324, 1325, 1326, 1327, 1329, 1330, 1331, 1332, 1333, 1334, 1335, 1336, 1340, 1341, 1344, 1345, 1346, 1348, 1349, 1350, 1351, 1355, 1356, 1357, 1358, 1364, 1367, 1368, 1369, 1370, 1371, 1373, 1374, 1376, 1377, 1379, 1382, 1383, 1384, 1385, 1386, 1387, 1388, 1389, 1390, 1391, 1392, 1393, 1394, 1398, 1400, 1401, 1402, 1403, 1404, 1406, 1409, 1411, 1412, 1413, 1415, 1416, 1418, 1419, 1421, 1422, 1425, 1426, 1427, 1428, 1429, 1430, 1442, 1443, 1444, 1445, 1446, 1451, 1452, 1453, 1454, 1455, 1456, 1457, 1458, 1461, 1462, 1464, 1465, 1467, 1468, 1471, 1472, 1473, 1474, 1475, 1477, 1480, 1482, 1483, 1485, 1486, 1487, 1489, 1490, 1491, 1492, 1493, 1495, 1497, 1499, 1501, 1505, 1506, 1507, 1509, 1511, 1512, 1515, 1516, 1517, 1518, 1519, 1520, 1521, 1522, 1525, 1526, 1527, 1529, 1531, 1532, 1533, 1538, 1539, 1540, 1541, 1542, 1544, 1545, 1547, 1548, 1549, 1550, 1551, 1555, 1556, 1557, 1558, 1559, 1560, 1561, 1562, 1563, 1564, 1565, 1567, 1568, 1569]
###########
Solution: 4
Time: 20.532000064849854
Objectives: [1023.0 1.662104e6; 1018.0 1.665907e6; 1026.0 1.650903e6; 1024.0 1.657756e6; 1022.0 1.66369e6; 1021.0 1.664423e6; 1025.0 1.653871e6; 1019.0 1.665174e6]
Centers: [124, 487, 671, 672, 730, 855, 994, 1045, 1077, 1142, 1166, 1222, 1239, 1247, 1526]
Points: [3, 4, 6, 7, 8, 9, 10, 12, 13, 14, 15, 16, 17, 18, 19, 20, 21, 22, 23, 25, 26, 27, 36, 41, 43, 44, 45, 46, 55, 56, 57, 58, 59, 60, 61, 62, 66, 67, 68, 69, 70, 71, 75, 76, 77, 78, 80, 83, 84, 85, 87, 88, 89, 90, 96, 97, 100, 101, 102, 104, 106, 107, 108, 109, 110, 111, 112, 113, 114, 115, 116, 117, 118, 119, 120, 121, 123, 124, 125, 126, 127, 139, 140, 143, 144, 145, 146, 147, 149, 151, 152, 153, 154, 157, 158, 159, 160, 161, 162, 163, 165, 166, 167, 168, 169, 172, 173, 174, 176, 178, 179, 180, 184, 185, 186, 187, 189, 190, 191, 192, 193, 194, 197, 204, 205, 206, 207, 208, 209, 210, 211, 213, 214, 215, 216, 217, 218, 219, 221, 222, 227, 228, 231, 242, 245, 247, 250, 255, 256, 257, 259, 260, 262, 263, 264, 265, 266, 267, 268, 269, 270, 271, 272, 273, 274, 275, 276, 277, 279, 280, 282, 283, 284, 285, 286, 287, 288, 289, 291, 292, 293, 294, 298, 304, 305, 307, 321, 323, 324, 325, 326, 327, 328, 329, 330, 332, 333, 334, 335, 336, 342, 343, 348, 349, 350, 351, 356, 359, 360, 361, 362, 365, 366, 367, 368, 369, 370, 371, 373, 374, 376, 378, 379, 380, 382, 383, 384, 387, 388, 389, 391, 392, 393, 395, 396, 400, 402, 403, 404, 405, 406, 407, 408, 409, 410, 411, 412, 413, 414, 415, 416, 418, 419, 420, 421, 426, 431, 432, 433, 434, 439, 440, 442, 445, 447, 451, 452, 453, 454, 459, 460, 461, 462, 463, 464, 467, 468, 470, 472, 473, 475, 476, 477, 478, 482, 483, 484, 485, 486, 487, 489, 491, 492, 493, 494, 495, 496, 502, 507, 521, 522, 532, 538, 540, 541, 542, 543, 548, 549, 563, 565, 570, 571, 572, 577, 578, 579, 580, 581, 583, 584, 586, 587, 589, 590, 591, 592, 593, 594, 595, 598, 600, 601, 603, 604, 606, 607, 608, 610, 611, 614, 615, 616, 617, 619, 622, 623, 624, 626, 627, 628, 629, 632, 633, 634, 638, 639, 640, 645, 646, 647, 649, 650, 652, 653, 655, 662, 663, 664, 665, 667, 668, 669, 671, 672, 673, 674, 675, 676, 677, 678, 679, 680, 682, 683, 684, 685, 686, 687, 688, 689, 691, 692, 695, 696, 697, 699, 700, 702, 703, 704, 706, 707, 708, 710, 711, 713, 714, 716, 719, 721, 723, 724, 725, 726, 728, 730, 731, 732, 733, 734, 735, 736, 737, 738, 740, 741, 742, 744, 745, 746, 747, 748, 749, 750, 751, 753, 754, 757, 758, 759, 760, 761, 763, 764, 768, 769, 770, 772, 782, 783, 784, 787, 790, 791, 792, 793, 794, 795, 798, 799, 801, 803, 804, 805, 806, 807, 808, 809, 810, 811, 812, 813, 814, 816, 819, 820, 821, 825, 826, 827, 829, 830, 831, 832, 833, 834, 835, 836, 838, 839, 840, 842, 843, 844, 845, 846, 847, 848, 849, 850, 851, 852, 854, 855, 856, 857, 861, 862, 863, 867, 869, 870, 871, 872, 873, 874, 875, 876, 877, 887, 888, 889, 890, 891, 892, 893, 894, 898, 899, 900, 904, 905, 907, 908, 909, 910, 912, 913, 915, 916, 917, 918, 919, 920, 923, 924, 925, 926, 928, 929, 930, 931, 932, 933, 934, 938, 939, 940, 941, 942, 943, 944, 945, 946, 947, 948, 951, 952, 953, 954, 955, 956, 957, 958, 959, 960, 961, 963, 965, 966, 968, 969, 975, 976, 977, 978, 979, 980, 981, 982, 983, 984, 985, 989, 990, 991, 992, 993, 994, 996, 997, 998, 999, 1000, 1001, 1002, 1003, 1004, 1005, 1010, 1011, 1012, 1013, 1014, 1015, 1016, 1017, 1018, 1019, 1020, 1021, 1022, 1023, 1024, 1025, 1026, 1027, 1028, 1029, 1030, 1031, 1032, 1033, 1034, 1035, 1036, 1037, 1038, 1039, 1040, 1043, 1044, 1045, 1046, 1047, 1048, 1049, 1050, 1051, 1053, 1054, 1055, 1056, 1057, 1058, 1059, 1060, 1061, 1062, 1063, 1064, 1065, 1067, 1068, 1069, 1070, 1071, 1072, 1073, 1074, 1075, 1076, 1077, 1078, 1079, 1080, 1081, 1082, 1083, 1084, 1085, 1086, 1087, 1088, 1089, 1090, 1091, 1092, 1093, 1094, 1095, 1097, 1099, 1100, 1102, 1103, 1104, 1105, 1106, 1107, 1108, 1109, 1111, 1112, 1113, 1115, 1116, 1117, 1118, 1119, 1121, 1123, 1124, 1125, 1126, 1127, 1128, 1129, 1132, 1133, 1134, 1135, 1136, 1139, 1140, 1141, 1142, 1143, 1146, 1147, 1148, 1149, 1150, 1151, 1152, 1153, 1154, 1157, 1158, 1159, 1163, 1166, 1167, 1168, 1169, 1170, 1173, 1174, 1175, 1176, 1177, 1178, 1181, 1182, 1183, 1184, 1185, 1186, 1188, 1190, 1191, 1192, 1196, 1197, 1198, 1199, 1200, 1201, 1205, 1209, 1210, 1211, 1212, 1213, 1214, 1215, 1216, 1217, 1218, 1219, 1220, 1221, 1222, 1223, 1224, 1225, 1226, 1228, 1229, 1230, 1231, 1232, 1233, 1234, 1235, 1236, 1237, 1239, 1240, 1242, 1243, 1244, 1245, 1246, 1247, 1248, 1249, 1250, 1251, 1252, 1253, 1254, 1255, 1256, 1257, 1258, 1260, 1261, 1262, 1263, 1264, 1265, 1267, 1268, 1269, 1270, 1271, 1273, 1274, 1275, 1276, 1277, 1278, 1279, 1281, 1282, 1283, 1284, 1285, 1287, 1291, 1292, 1293, 1294, 1295, 1298, 1299, 1300, 1301, 1302, 1303, 1304, 1305, 1306, 1307, 1308, 1311, 1312, 1313, 1314, 1316, 1317, 1318, 1319, 1321, 1322, 1323, 1324, 1325, 1326, 1327, 1329, 1330, 1331, 1332, 1333, 1334, 1335, 1336, 1340, 1341, 1344, 1345, 1346, 1348, 1349, 1350, 1351, 1352, 1355, 1356, 1357, 1358, 1362, 1364, 1367, 1368, 1369, 1370, 1371, 1373, 1374, 1376, 1377, 1379, 1382, 1385, 1386, 1387, 1388, 1389, 1390, 1392, 1393, 1394, 1398, 1402, 1406, 1411, 1412, 1413, 1415, 1416, 1417, 1418, 1419, 1421, 1422, 1424, 1425, 1426, 1427, 1428, 1429, 1430, 1434, 1442, 1443, 1444, 1445, 1446, 1452, 1453, 1454, 1455, 1456, 1457, 1458, 1461, 1462, 1464, 1465, 1467, 1468, 1471, 1472, 1473, 1474, 1475, 1480, 1482, 1483, 1485, 1486, 1487, 1489, 1490, 1491, 1492, 1493, 1497, 1498, 1499, 1501, 1502, 1503, 1504, 1506, 1507, 1509, 1511, 1512, 1515, 1516, 1517, 1518, 1519, 1520, 1521, 1522, 1525, 1526, 1527, 1529, 1531, 1532, 1533, 1538, 1539, 1540, 1541, 1542, 1544, 1545, 1547, 1548, 1549, 1550, 1551, 1555, 1556, 1557, 1558, 1559, 1560, 1561, 1562, 1563, 1564, 1565, 1567, 1568, 1569]
###########
Solution: 5
Time: 20.532000064849854
Objectives: [1023.0 1.662104e6; 1018.0 1.665907e6; 1026.0 1.650903e6; 1024.0 1.657756e6; 1022.0 1.66369e6; 1021.0 1.664423e6; 1025.0 1.653871e6; 1019.0 1.665174e6]
Centers: [124, 271, 487, 576, 671, 672, 730, 856, 994, 1045, 1166, 1222, 1239, 1247, 1526]
Points: [3, 4, 6, 7, 9, 10, 12, 13, 14, 15, 16, 17, 18, 19, 20, 21, 22, 23, 25, 26, 27, 29, 36, 41, 43, 44, 45, 46, 50, 51, 52, 55, 56, 57, 58, 59, 60, 61, 62, 66, 67, 68, 69, 70, 71, 75, 76, 77, 83, 84, 85, 87, 88, 89, 90, 96, 97, 100, 101, 102, 104, 106, 107, 108, 109, 110, 111, 112, 113, 114, 115, 116, 117, 118, 119, 120, 121, 123, 124, 125, 126, 127, 139, 140, 143, 144, 145, 146, 147, 149, 151, 152, 153, 154, 157, 158, 159, 160, 161, 162, 163, 165, 166, 167, 168, 169, 172, 173, 174, 176, 179, 180, 184, 185, 186, 187, 189, 190, 191, 192, 193, 194, 197, 204, 205, 206, 207, 208, 209, 210, 211, 213, 214, 215, 216, 217, 218, 219, 221, 222, 227, 228, 231, 242, 245, 247, 250, 255, 256, 257, 259, 260, 262, 263, 264, 265, 266, 267, 268, 270, 271, 272, 273, 274, 275, 276, 277, 279, 280, 283, 285, 286, 287, 288, 289, 291, 292, 293, 294, 298, 304, 305, 321, 323, 324, 325, 326, 327, 328, 329, 330, 332, 333, 334, 335, 336, 342, 343, 348, 349, 350, 351, 356, 359, 360, 361, 362, 365, 366, 367, 368, 369, 370, 371, 373, 376, 378, 379, 382, 383, 384, 386, 387, 388, 389, 391, 392, 393, 395, 396, 397, 400, 402, 403, 404, 405, 406, 407, 408, 409, 410, 411, 412, 413, 414, 416, 418, 420, 421, 422, 426, 427, 428, 429, 430, 431, 432, 433, 434, 439, 440, 442, 445, 447, 451, 452, 453, 454, 459, 460, 461, 462, 463, 464, 467, 468, 470, 472, 473, 476, 477, 482, 483, 484, 485, 486, 487, 489, 491, 492, 493, 494, 495, 496, 502, 507, 521, 522, 532, 537, 538, 540, 541, 542, 543, 549, 563, 565, 570, 571, 572, 576, 577, 578, 579, 580, 581, 583, 584, 586, 587, 589, 590, 591, 592, 593, 594, 595, 598, 600, 601, 603, 604, 606, 607, 608, 610, 611, 614, 615, 616, 617, 619, 622, 623, 624, 626, 627, 628, 629, 632, 633, 634, 638, 639, 640, 645, 646, 647, 649, 650, 652, 653, 655, 662, 663, 664, 665, 667, 668, 671, 672, 673, 674, 675, 676, 677, 678, 679, 680, 682, 683, 684, 685, 686, 687, 688, 689, 691, 696, 697, 699, 700, 702, 703, 704, 706, 707, 708, 710, 711, 713, 714, 716, 719, 721, 723, 724, 725, 726, 728, 730, 731, 732, 733, 734, 735, 736, 737, 738, 740, 741, 744, 745, 746, 747, 748, 749, 750, 751, 753, 754, 757, 758, 759, 760, 761, 763, 764, 768, 770, 772, 782, 783, 784, 787, 791, 792, 793, 794, 795, 798, 799, 801, 803, 804, 805, 806, 807, 808, 809, 810, 811, 812, 813, 814, 816, 817, 819, 820, 821, 825, 826, 827, 829, 830, 831, 832, 833, 834, 835, 836, 837, 838, 839, 840, 842, 843, 844, 845, 846, 847, 848, 849, 850, 851, 852, 854, 855, 856, 857, 861, 862, 863, 867, 869, 870, 871, 872, 873, 874, 875, 876, 881, 887, 888, 889, 890, 891, 893, 894, 898, 899, 900, 903, 904, 905, 907, 908, 909, 910, 912, 913, 914, 915, 916, 917, 918, 919, 920, 923, 924, 928, 929, 930, 931, 932, 933, 934, 938, 939, 940, 941, 942, 943, 944, 945, 946, 947, 948, 951, 952, 953, 954, 955, 956, 957, 958, 959, 960, 961, 962, 963, 965, 966, 968, 969, 972, 973, 974, 975, 976, 977, 978, 979, 980, 981, 982, 983, 984, 985, 986, 987, 988, 989, 990, 991, 992, 993, 994, 996, 997, 998, 999, 1000, 1001, 1002, 1003, 1004, 1005, 1006, 1010, 1011, 1012, 1013, 1014, 1015, 1016, 1017, 1018, 1019, 1020, 1021, 1022, 1023, 1024, 1025, 1026, 1027, 1028, 1029, 1030, 1031, 1032, 1033, 1034, 1035, 1036, 1037, 1038, 1039, 1040, 1043, 1044, 1045, 1046, 1047, 1048, 1049, 1050, 1053, 1054, 1055, 1056, 1057, 1058, 1059, 1060, 1061, 1062, 1063, 1064, 1065, 1067, 1068, 1069, 1070, 1071, 1072, 1073, 1074, 1075, 1076, 1079, 1080, 1081, 1082, 1083, 1084, 1085, 1086, 1087, 1088, 1089, 1090, 1091, 1092, 1093, 1094, 1095, 1097, 1099, 1100, 1102, 1103, 1104, 1105, 1106, 1107, 1108, 1109, 1111, 1112, 1113, 1115, 1116, 1117, 1118, 1119, 1121, 1123, 1124, 1125, 1126, 1127, 1128, 1129, 1132, 1133, 1134, 1135, 1136, 1139, 1140, 1141, 1142, 1143, 1146, 1147, 1148, 1149, 1150, 1151, 1152, 1153, 1154, 1157, 1158, 1159, 1163, 1166, 1167, 1169, 1170, 1171, 1173, 1174, 1175, 1176, 1177, 1178, 1181, 1182, 1183, 1184, 1185, 1186, 1188, 1190, 1191, 1192, 1196, 1197, 1198, 1199, 1200, 1201, 1205, 1209, 1210, 1211, 1212, 1213, 1214, 1215, 1216, 1217, 1218, 1219, 1220, 1221, 1222, 1223, 1224, 1225, 1226, 1229, 1230, 1231, 1232, 1233, 1234, 1235, 1236, 1237, 1239, 1240, 1242, 1243, 1244, 1245, 1246, 1247, 1248, 1249, 1250, 1251, 1252, 1253, 1254, 1255, 1256, 1257, 1258, 1260, 1261, 1262, 1263, 1264, 1265, 1267, 1268, 1269, 1270, 1271, 1273, 1274, 1275, 1276, 1277, 1278, 1279, 1281, 1282, 1283, 1284, 1285, 1287, 1291, 1292, 1293, 1294, 1295, 1298, 1299, 1300, 1301, 1302, 1303, 1304, 1305, 1306, 1307, 1308, 1311, 1312, 1313, 1314, 1316, 1317, 1318, 1319, 1321, 1322, 1323, 1324, 1325, 1326, 1327, 1329, 1330, 1331, 1332, 1333, 1334, 1335, 1336, 1340, 1341, 1344, 1345, 1346, 1348, 1349, 1350, 1351, 1352, 1355, 1356, 1357, 1358, 1359, 1362, 1364, 1367, 1368, 1369, 1370, 1371, 1373, 1374, 1376, 1377, 1379, 1382, 1385, 1386, 1387, 1388, 1389, 1390, 1392, 1393, 1394, 1398, 1402, 1406, 1407, 1411, 1412, 1413, 1415, 1416, 1418, 1419, 1421, 1422, 1423, 1425, 1426, 1427, 1428, 1429, 1430, 1442, 1443, 1444, 1445, 1446, 1452, 1453, 1454, 1455, 1456, 1457, 1458, 1461, 1462, 1464, 1465, 1467, 1468, 1471, 1472, 1473, 1474, 1475, 1480, 1482, 1483, 1485, 1486, 1487, 1489, 1490, 1491, 1492, 1493, 1497, 1498, 1499, 1503, 1504, 1505, 1506, 1507, 1508, 1509, 1511, 1512, 1515, 1516, 1517, 1518, 1519, 1520, 1521, 1522, 1524, 1525, 1526, 1527, 1529, 1531, 1532, 1533, 1538, 1539, 1540, 1541, 1542, 1544, 1545, 1547, 1548, 1549, 1550, 1551, 1555, 1556, 1557, 1558, 1559, 1560, 1561, 1562, 1563, 1564, 1565, 1567, 1568, 1569]
###########
Solution: 6
Time: 20.532000064849854
Objectives: [1023.0 1.662104e6; 1018.0 1.665907e6; 1026.0 1.650903e6; 1024.0 1.657756e6; 1022.0 1.66369e6; 1021.0 1.664423e6; 1025.0 1.653871e6; 1019.0 1.665174e6]
Centers: [124, 271, 487, 576, 671, 672, 677, 730, 994, 1045, 1166, 1222, 1239, 1247, 1526]
Points: [3, 4, 6, 7, 9, 10, 12, 13, 14, 15, 16, 17, 18, 19, 20, 21, 22, 23, 25, 26, 27, 29, 36, 41, 43, 44, 45, 46, 50, 51, 52, 55, 56, 57, 58, 59, 60, 61, 62, 66, 67, 68, 69, 70, 71, 75, 76, 77, 83, 84, 85, 87, 88, 89, 90, 96, 97, 100, 101, 102, 104, 106, 107, 108, 109, 110, 111, 112, 113, 114, 115, 116, 117, 118, 119, 120, 121, 123, 124, 125, 126, 127, 139, 140, 143, 144, 145, 146, 147, 149, 151, 152, 153, 154, 157, 158, 159, 160, 161, 162, 163, 165, 166, 167, 168, 169, 172, 173, 174, 176, 179, 180, 184, 185, 186, 187, 189, 190, 191, 192, 193, 194, 197, 204, 205, 206, 207, 208, 209, 210, 211, 213, 214, 215, 216, 217, 218, 219, 221, 222, 227, 228, 231, 242, 245, 247, 250, 255, 256, 257, 259, 260, 262, 263, 264, 265, 266, 267, 268, 270, 271, 272, 273, 274, 275, 276, 277, 279, 280, 283, 285, 286, 287, 288, 289, 291, 292, 293, 294, 298, 304, 305, 321, 323, 324, 325, 326, 327, 328, 329, 330, 332, 333, 334, 335, 336, 342, 343, 348, 349, 350, 351, 356, 359, 360, 361, 362, 365, 366, 367, 368, 369, 370, 371, 373, 376, 378, 382, 383, 384, 386, 387, 388, 389, 390, 391, 392, 393, 395, 396, 397, 400, 402, 403, 404, 405, 406, 407, 408, 409, 410, 411, 412, 413, 414, 416, 418, 420, 421, 422, 425, 426, 427, 428, 429, 430, 431, 432, 433, 434, 439, 440, 442, 445, 447, 451, 452, 453, 454, 459, 460, 461, 462, 463, 464, 467, 468, 470, 472, 473, 476, 477, 482, 483, 484, 485, 486, 487, 489, 491, 492, 493, 494, 495, 496, 502, 507, 521, 522, 532, 537, 538, 540, 541, 542, 543, 549, 563, 565, 570, 571, 572, 576, 577, 578, 579, 580, 581, 583, 584, 586, 587, 589, 590, 591, 592, 593, 594, 595, 598, 600, 601, 603, 604, 606, 607, 608, 610, 611, 614, 615, 616, 617, 619, 622, 623, 624, 626, 627, 628, 629, 632, 633, 634, 638, 639, 640, 645, 646, 647, 649, 650, 652, 653, 655, 662, 663, 664, 665, 667, 668, 671, 672, 673, 674, 675, 676, 677, 678, 679, 680, 682, 683, 684, 685, 686, 687, 688, 689, 691, 696, 697, 699, 700, 702, 703, 704, 706, 707, 708, 710, 711, 713, 714, 716, 719, 721, 723, 724, 725, 726, 728, 730, 731, 732, 733, 734, 735, 736, 737, 738, 740, 741, 744, 745, 746, 747, 748, 749, 750, 751, 752, 753, 754, 757, 758, 759, 760, 761, 763, 764, 768, 770, 772, 782, 783, 784, 787, 791, 792, 793, 794, 795, 798, 799, 801, 803, 804, 805, 806, 807, 808, 809, 810, 811, 812, 813, 814, 816, 817, 819, 820, 821, 825, 826, 827, 829, 830, 831, 832, 833, 834, 835, 836, 837, 838, 839, 840, 842, 843, 844, 845, 846, 847, 848, 849, 850, 851, 852, 854, 855, 856, 857, 861, 862, 863, 867, 869, 870, 871, 872, 873, 874, 875, 876, 881, 887, 888, 889, 890, 891, 893, 894, 898, 899, 900, 903, 904, 905, 907, 908, 909, 910, 912, 913, 914, 915, 916, 917, 918, 919, 920, 923, 924, 928, 929, 930, 931, 932, 933, 934, 938, 939, 940, 941, 942, 943, 944, 945, 946, 947, 948, 951, 952, 953, 954, 955, 956, 957, 958, 959, 960, 961, 962, 965, 966, 968, 969, 972, 973, 974, 975, 976, 977, 978, 979, 980, 981, 982, 983, 984, 985, 986, 987, 988, 989, 990, 991, 992, 993, 994, 996, 997, 998, 999, 1000, 1001, 1002, 1003, 1004, 1005, 1006, 1010, 1011, 1012, 1013, 1014, 1015, 1016, 1017, 1018, 1019, 1020, 1021, 1022, 1023, 1024, 1025, 1026, 1027, 1028, 1029, 1030, 1031, 1032, 1033, 1034, 1035, 1036, 1037, 1038, 1039, 1040, 1043, 1044, 1045, 1046, 1047, 1048, 1049, 1053, 1054, 1055, 1056, 1057, 1058, 1059, 1060, 1061, 1062, 1063, 1064, 1065, 1067, 1068, 1069, 1070, 1071, 1072, 1073, 1074, 1075, 1076, 1079, 1080, 1081, 1082, 1083, 1084, 1085, 1086, 1087, 1088, 1089, 1090, 1091, 1092, 1093, 1094, 1095, 1097, 1099, 1100, 1102, 1103, 1104, 1105, 1106, 1107, 1108, 1109, 1111, 1112, 1113, 1115, 1116, 1117, 1118, 1119, 1121, 1123, 1124, 1125, 1126, 1127, 1128, 1129, 1132, 1133, 1134, 1135, 1136, 1139, 1140, 1141, 1142, 1143, 1146, 1147, 1148, 1149, 1150, 1151, 1152, 1153, 1154, 1157, 1158, 1159, 1163, 1166, 1167, 1169, 1170, 1173, 1174, 1175, 1176, 1177, 1178, 1181, 1182, 1183, 1184, 1185, 1186, 1188, 1190, 1191, 1192, 1196, 1197, 1198, 1199, 1200, 1201, 1205, 1209, 1210, 1211, 1212, 1213, 1214, 1215, 1216, 1217, 1218, 1219, 1220, 1221, 1222, 1223, 1224, 1225, 1226, 1229, 1230, 1231, 1232, 1233, 1234, 1235, 1236, 1237, 1239, 1240, 1242, 1243, 1244, 1245, 1246, 1247, 1248, 1249, 1250, 1251, 1252, 1253, 1254, 1255, 1256, 1257, 1258, 1260, 1261, 1262, 1263, 1264, 1265, 1267, 1268, 1269, 1270, 1271, 1273, 1274, 1275, 1276, 1277, 1278, 1279, 1281, 1282, 1283, 1284, 1285, 1287, 1291, 1292, 1293, 1294, 1295, 1298, 1299, 1300, 1301, 1302, 1303, 1304, 1305, 1306, 1307, 1308, 1311, 1312, 1313, 1314, 1316, 1317, 1318, 1319, 1321, 1322, 1323, 1324, 1325, 1326, 1327, 1329, 1330, 1331, 1332, 1333, 1334, 1335, 1336, 1340, 1341, 1344, 1345, 1346, 1348, 1349, 1350, 1351, 1352, 1355, 1356, 1357, 1358, 1359, 1362, 1364, 1367, 1368, 1369, 1370, 1371, 1373, 1374, 1376, 1377, 1379, 1382, 1385, 1386, 1387, 1388, 1389, 1390, 1392, 1393, 1394, 1398, 1402, 1406, 1407, 1411, 1412, 1413, 1415, 1416, 1418, 1419, 1421, 1422, 1423, 1425, 1426, 1427, 1428, 1429, 1430, 1442, 1443, 1444, 1445, 1446, 1452, 1453, 1454, 1455, 1456, 1457, 1458, 1461, 1462, 1464, 1465, 1467, 1468, 1471, 1472, 1473, 1474, 1475, 1480, 1482, 1483, 1485, 1486, 1487, 1489, 1490, 1491, 1492, 1493, 1497, 1498, 1499, 1503, 1504, 1505, 1506, 1507, 1508, 1509, 1511, 1512, 1515, 1516, 1517, 1518, 1519, 1520, 1521, 1522, 1524, 1525, 1526, 1527, 1529, 1531, 1532, 1533, 1538, 1539, 1540, 1541, 1542, 1544, 1545, 1547, 1548, 1549, 1550, 1551, 1555, 1556, 1557, 1558, 1559, 1560, 1561, 1562, 1563, 1564, 1565, 1567, 1568, 1569]
###########
Solution: 7
Time: 20.532000064849854
Objectives: [1023.0 1.662104e6; 1018.0 1.665907e6; 1026.0 1.650903e6; 1024.0 1.657756e6; 1022.0 1.66369e6; 1021.0 1.664423e6; 1025.0 1.653871e6; 1019.0 1.665174e6]
Centers: [124, 400, 487, 636, 671, 730, 855, 994, 1045, 1059, 1166, 1222, 1239, 1247, 1526]
Points: [3, 4, 6, 7, 8, 9, 10, 12, 13, 14, 15, 16, 18, 19, 20, 21, 22, 23, 25, 26, 27, 36, 41, 43, 44, 45, 46, 55, 56, 57, 58, 59, 60, 61, 62, 66, 67, 68, 69, 70, 71, 75, 76, 77, 80, 83, 84, 85, 87, 88, 89, 90, 96, 97, 100, 101, 102, 104, 106, 107, 108, 109, 110, 111, 112, 113, 114, 115, 116, 117, 118, 119, 120, 121, 123, 124, 125, 126, 127, 139, 140, 144, 146, 147, 149, 151, 152, 153, 154, 155, 157, 158, 159, 160, 161, 162, 163, 165, 166, 167, 168, 169, 172, 173, 174, 176, 179, 180, 184, 185, 186, 187, 189, 190, 191, 192, 193, 194, 197, 204, 205, 206, 207, 208, 209, 210, 211, 214, 215, 216, 217, 218, 219, 221, 222, 227, 228, 231, 237, 242, 245, 246, 247, 255, 256, 257, 259, 260, 262, 263, 264, 265, 266, 267, 268, 270, 271, 272, 273, 274, 275, 276, 277, 279, 280, 287, 288, 289, 291, 292, 293, 294, 298, 304, 305, 321, 323, 324, 325, 326, 327, 328, 329, 332, 333, 334, 335, 336, 342, 343, 345, 346, 348, 349, 350, 351, 356, 359, 360, 361, 362, 365, 366, 368, 369, 370, 372, 373, 374, 375, 376, 378, 379, 380, 382, 384, 385, 387, 388, 389, 391, 393, 395, 396, 400, 402, 403, 404, 405, 406, 407, 408, 409, 410, 411, 412, 413, 414, 415, 416, 418, 419, 420, 421, 422, 426, 427, 428, 429, 430, 431, 432, 433, 434, 436, 437, 438, 439, 441, 442, 446, 447, 448, 451, 452, 453, 454, 459, 460, 461, 462, 463, 464, 467, 468, 470, 472, 473, 475, 476, 477, 482, 483, 484, 485, 486, 487, 489, 491, 492, 493, 494, 495, 496, 502, 507, 521, 522, 532, 538, 540, 541, 542, 543, 549, 565, 570, 571, 572, 577, 578, 579, 580, 581, 586, 589, 590, 591, 592, 593, 594, 595, 598, 600, 601, 603, 604, 606, 607, 608, 609, 610, 611, 614, 615, 616, 617, 619, 622, 623, 624, 626, 627, 628, 629, 631, 632, 634, 635, 636, 637, 638, 639, 640, 642, 645, 646, 649, 650, 652, 653, 655, 662, 663, 664, 665, 667, 669, 671, 672, 676, 677, 678, 679, 680, 682, 683, 684, 685, 686, 687, 688, 689, 691, 696, 697, 698, 699, 700, 701, 702, 703, 704, 705, 706, 707, 708, 709, 710, 711, 712, 713, 714, 716, 719, 721, 723, 724, 725, 726, 728, 730, 731, 732, 733, 734, 735, 736, 737, 738, 740, 741, 744, 745, 746, 747, 748, 749, 750, 751, 753, 754, 757, 758, 759, 760, 761, 763, 764, 768, 770, 772, 787, 791, 792, 793, 794, 795, 798, 799, 801, 803, 804, 805, 806, 807, 808, 809, 810, 811, 812, 813, 814, 816, 817, 819, 820, 821, 822, 825, 826, 827, 829, 830, 831, 832, 833, 834, 835, 836, 838, 839, 840, 842, 843, 844, 845, 846, 847, 848, 849, 850, 851, 852, 854, 855, 856, 857, 859, 861, 862, 863, 864, 867, 868, 869, 870, 871, 872, 873, 874, 875, 876, 881, 883, 884, 885, 887, 888, 889, 890, 891, 893, 894, 895, 896, 898, 899, 900, 903, 904, 905, 907, 908, 909, 910, 912, 913, 914, 915, 916, 917, 918, 919, 920, 923, 927, 928, 929, 930, 931, 932, 933, 934, 938, 939, 940, 941, 942, 943, 944, 945, 946, 947, 948, 951, 952, 953, 954, 955, 956, 957, 958, 959, 960, 961, 963, 965, 966, 968, 969, 970, 971, 972, 973, 975, 976, 977, 978, 980, 981, 982, 983, 984, 985, 989, 990, 991, 992, 993, 994, 996, 997, 998, 999, 1000, 1001, 1002, 1003, 1004, 1005, 1010, 1011, 1012, 1013, 1014, 1015, 1016, 1017, 1018, 1019, 1020, 1021, 1022, 1023, 1024, 1025, 1026, 1027, 1028, 1029, 1030, 1031, 1032, 1033, 1034, 1035, 1036, 1037, 1038, 1039, 1040, 1043, 1044, 1045, 1046, 1047, 1048, 1049, 1050, 1051, 1053, 1054, 1055, 1056, 1057, 1058, 1059, 1060, 1061, 1062, 1063, 1064, 1065, 1067, 1068, 1069, 1070, 1071, 1074, 1075, 1076, 1077, 1078, 1079, 1081, 1082, 1083, 1084, 1085, 1086, 1087, 1088, 1089, 1090, 1091, 1092, 1093, 1094, 1097, 1099, 1100, 1107, 1109, 1111, 1112, 1113, 1115, 1116, 1117, 1118, 1119, 1121, 1123, 1124, 1125, 1126, 1127, 1128, 1129, 1132, 1133, 1134, 1135, 1136, 1139, 1140, 1141, 1142, 1143, 1146, 1147, 1148, 1149, 1150, 1151, 1152, 1153, 1154, 1157, 1158, 1159, 1163, 1166, 1167, 1168, 1169, 1170, 1172, 1173, 1174, 1175, 1176, 1177, 1178, 1181, 1182, 1183, 1184, 1185, 1186, 1188, 1190, 1191, 1192, 1196, 1197, 1198, 1199, 1200, 1201, 1202, 1203, 1204, 1205, 1206, 1207, 1208, 1209, 1210, 1211, 1212, 1213, 1214, 1215, 1216, 1217, 1218, 1219, 1220, 1221, 1222, 1223, 1224, 1225, 1226, 1228, 1229, 1230, 1231, 1232, 1233, 1234, 1235, 1236, 1237, 1239, 1240, 1242, 1243, 1244, 1245, 1246, 1247, 1248, 1249, 1250, 1251, 1252, 1253, 1254, 1255, 1256, 1257, 1258, 1260, 1261, 1262, 1263, 1264, 1265, 1267, 1268, 1269, 1270, 1271, 1273, 1274, 1275, 1277, 1278, 1281, 1282, 1283, 1284, 1285, 1287, 1291, 1292, 1293, 1294, 1295, 1298, 1299, 1300, 1301, 1302, 1303, 1304, 1305, 1306, 1307, 1308, 1311, 1312, 1313, 1314, 1316, 1317, 1318, 1319, 1321, 1322, 1323, 1324, 1325, 1326, 1327, 1329, 1330, 1331, 1332, 1333, 1334, 1335, 1336, 1340, 1341, 1344, 1345, 1346, 1348, 1349, 1350, 1351, 1355, 1356, 1357, 1358, 1364, 1367, 1368, 1369, 1370, 1371, 1373, 1374, 1376, 1377, 1379, 1382, 1383, 1384, 1385, 1386, 1387, 1388, 1389, 1390, 1391, 1392, 1393, 1394, 1398, 1400, 1401, 1402, 1403, 1404, 1406, 1407, 1409, 1411, 1412, 1413, 1415, 1416, 1418, 1419, 1421, 1422, 1423, 1425, 1426, 1427, 1428, 1429, 1430, 1442, 1443, 1444, 1445, 1446, 1451, 1452, 1453, 1454, 1455, 1456, 1457, 1458, 1461, 1462, 1464, 1465, 1467, 1468, 1471, 1472, 1473, 1474, 1475, 1477, 1480, 1482, 1483, 1485, 1486, 1487, 1489, 1491, 1492, 1493, 1495, 1497, 1499, 1501, 1505, 1506, 1507, 1509, 1511, 1512, 1515, 1516, 1517, 1518, 1519, 1520, 1521, 1522, 1525, 1526, 1527, 1529, 1531, 1532, 1533, 1534, 1538, 1539, 1540, 1541, 1542, 1544, 1545, 1547, 1548, 1549, 1550, 1551, 1555, 1556, 1557, 1558, 1559, 1560, 1561, 1562, 1563, 1564, 1565, 1567, 1568, 1569]
###########
Solution: 8
Time: 20.532000064849854
Objectives: [1023.0 1.662104e6; 1018.0 1.665907e6; 1026.0 1.650903e6; 1024.0 1.657756e6; 1022.0 1.66369e6; 1021.0 1.664423e6; 1025.0 1.653871e6; 1019.0 1.665174e6]
Centers: [124, 487, 576, 671, 672, 730, 856, 994, 1045, 1166, 1178, 1222, 1239, 1247, 1526]
Points: [3, 4, 6, 7, 9, 10, 12, 13, 14, 15, 16, 17, 18, 19, 20, 21, 22, 23, 25, 26, 27, 29, 36, 41, 43, 44, 45, 46, 50, 51, 52, 55, 56, 57, 58, 59, 60, 61, 62, 66, 67, 68, 69, 70, 71, 75, 76, 77, 83, 84, 85, 87, 88, 89, 90, 96, 97, 100, 101, 102, 104, 106, 107, 108, 109, 110, 111, 112, 113, 114, 115, 116, 117, 118, 119, 120, 121, 123, 124, 125, 126, 127, 139, 140, 143, 144, 145, 146, 147, 149, 151, 152, 153, 154, 157, 158, 159, 160, 161, 162, 163, 165, 166, 167, 168, 169, 172, 173, 174, 176, 178, 179, 180, 184, 185, 186, 187, 189, 190, 191, 192, 193, 194, 197, 204, 205, 206, 207, 208, 209, 210, 211, 213, 214, 215, 216, 217, 218, 219, 221, 222, 227, 228, 231, 242, 245, 247, 250, 255, 256, 257, 259, 260, 262, 263, 264, 265, 266, 267, 268, 270, 271, 272, 273, 274, 275, 276, 277, 279, 280, 282, 283, 284, 285, 286, 287, 288, 289, 291, 292, 293, 294, 298, 304, 305, 321, 323, 324, 325, 326, 327, 328, 329, 330, 332, 333, 334, 335, 336, 342, 343, 348, 349, 350, 351, 356, 359, 360, 361, 362, 365, 366, 367, 368, 369, 370, 371, 376, 378, 379, 382, 383, 384, 386, 387, 388, 389, 391, 392, 393, 395, 396, 397, 400, 402, 403, 404, 405, 406, 407, 408, 409, 410, 411, 412, 413, 415, 416, 418, 419, 420, 421, 422, 426, 427, 428, 429, 430, 431, 432, 433, 434, 439, 440, 442, 445, 447, 451, 452, 453, 454, 459, 460, 461, 462, 463, 464, 467, 468, 470, 472, 473, 476, 477, 482, 483, 484, 485, 486, 487, 489, 491, 492, 493, 494, 495, 496, 502, 507, 521, 522, 532, 537, 538, 540, 541, 542, 543, 549, 563, 565, 570, 571, 572, 576, 577, 578, 579, 580, 581, 583, 584, 586, 587, 589, 590, 591, 592, 593, 594, 595, 598, 600, 601, 603, 604, 606, 607, 608, 610, 611, 614, 615, 616, 617, 619, 622, 623, 624, 626, 627, 628, 629, 632, 633, 634, 638, 639, 640, 645, 646, 647, 649, 650, 652, 653, 655, 662, 663, 664, 665, 667, 671, 672, 673, 674, 675, 676, 677, 678, 679, 680, 682, 683, 684, 685, 686, 687, 688, 689, 691, 692, 695, 696, 697, 699, 700, 702, 703, 704, 706, 707, 708, 710, 711, 713, 714, 719, 721, 723, 724, 725, 726, 728, 730, 731, 732, 733, 734, 735, 736, 737, 738, 740, 741, 744, 745, 746, 747, 748, 749, 750, 751, 753, 754, 757, 758, 759, 760, 761, 763, 764, 768, 769, 770, 772, 782, 783, 784, 787, 791, 792, 793, 794, 795, 798, 799, 801, 803, 804, 805, 806, 807, 808, 809, 810, 811, 812, 813, 814, 816, 819, 820, 821, 825, 826, 827, 829, 830, 831, 832, 833, 834, 835, 836, 837, 838, 839, 840, 842, 843, 844, 845, 846, 847, 848, 849, 850, 851, 852, 854, 855, 856, 857, 861, 862, 863, 867, 869, 870, 871, 872, 873, 874, 875, 876, 881, 887, 888, 889, 890, 891, 893, 894, 898, 899, 900, 905, 907, 908, 909, 910, 912, 913, 915, 916, 917, 919, 920, 923, 924, 928, 929, 930, 931, 932, 933, 934, 938, 939, 941, 942, 943, 944, 945, 946, 947, 948, 951, 952, 953, 954, 955, 956, 957, 958, 959, 960, 961, 962, 963, 966, 968, 969, 972, 973, 974, 975, 976, 977, 978, 979, 980, 981, 982, 983, 984, 985, 986, 987, 988, 989, 990, 991, 992, 993, 994, 996, 997, 998, 999, 1000, 1001, 1002, 1003, 1004, 1005, 1006, 1010, 1011, 1012, 1013, 1014, 1015, 1016, 1017, 1018, 1019, 1020, 1021, 1022, 1023, 1024, 1025, 1026, 1027, 1028, 1029, 1030, 1031, 1032, 1033, 1034, 1035, 1036, 1037, 1038, 1039, 1040, 1043, 1044, 1045, 1046, 1047, 1048, 1049, 1050, 1053, 1054, 1055, 1056, 1057, 1058, 1059, 1060, 1061, 1062, 1063, 1064, 1065, 1067, 1068, 1069, 1070, 1071, 1072, 1073, 1074, 1075, 1076, 1079, 1080, 1081, 1082, 1083, 1084, 1085, 1086, 1087, 1088, 1089, 1090, 1091, 1092, 1093, 1094, 1095, 1097, 1099, 1100, 1102, 1103, 1104, 1105, 1106, 1107, 1108, 1109, 1111, 1112, 1113, 1115, 1116, 1117, 1118, 1119, 1121, 1123, 1124, 1125, 1126, 1127, 1128, 1129, 1132, 1133, 1134, 1135, 1136, 1139, 1140, 1141, 1142, 1143, 1146, 1147, 1148, 1149, 1150, 1151, 1152, 1153, 1154, 1157, 1158, 1159, 1163, 1166, 1167, 1169, 1170, 1171, 1173, 1174, 1175, 1176, 1177, 1178, 1181, 1182, 1183, 1184, 1185, 1186, 1188, 1190, 1191, 1192, 1196, 1197, 1198, 1199, 1200, 1201, 1205, 1209, 1210, 1211, 1212, 1213, 1214, 1215, 1216, 1217, 1218, 1219, 1220, 1221, 1222, 1223, 1224, 1225, 1226, 1229, 1230, 1231, 1232, 1233, 1234, 1235, 1236, 1237, 1239, 1240, 1242, 1243, 1244, 1245, 1246, 1247, 1248, 1249, 1250, 1251, 1252, 1253, 1254, 1255, 1256, 1257, 1258, 1260, 1261, 1262, 1263, 1264, 1265, 1267, 1268, 1269, 1270, 1271, 1273, 1274, 1275, 1276, 1277, 1278, 1279, 1281, 1282, 1283, 1284, 1285, 1287, 1291, 1292, 1293, 1294, 1295, 1298, 1299, 1300, 1301, 1302, 1303, 1304, 1305, 1306, 1307, 1308, 1311, 1312, 1313, 1314, 1316, 1317, 1318, 1319, 1321, 1322, 1323, 1324, 1325, 1326, 1327, 1329, 1330, 1331, 1332, 1333, 1334, 1335, 1336, 1340, 1341, 1344, 1345, 1346, 1348, 1349, 1350, 1351, 1352, 1355, 1356, 1357, 1358, 1362, 1364, 1367, 1368, 1369, 1370, 1371, 1373, 1374, 1376, 1377, 1379, 1382, 1385, 1386, 1387, 1388, 1389, 1390, 1392, 1393, 1394, 1398, 1402, 1406, 1407, 1411, 1412, 1413, 1415, 1416, 1418, 1419, 1421, 1422, 1423, 1424, 1425, 1426, 1427, 1428, 1429, 1430, 1442, 1443, 1444, 1445, 1446, 1452, 1453, 1454, 1455, 1456, 1457, 1458, 1461, 1462, 1464, 1465, 1467, 1468, 1471, 1472, 1473, 1474, 1475, 1480, 1482, 1483, 1485, 1486, 1487, 1489, 1490, 1491, 1492, 1493, 1497, 1498, 1499, 1503, 1504, 1505, 1506, 1507, 1508, 1509, 1511, 1512, 1515, 1516, 1517, 1518, 1519, 1520, 1521, 1522, 1524, 1525, 1526, 1527, 1529, 1531, 1532, 1533, 1538, 1539, 1540, 1541, 1542, 1544, 1545, 1547, 1548, 1549, 1550, 1551, 1555, 1556, 1557, 1558, 1559, 1560, 1561, 1562, 1563, 1564, 1565, 1567, 1568, 1569]
